Iteration	CPUTime	PhysTime	Travels	Value	AvValue	MinValue	MaxValue	Delta	Criteria	PrevAvRefValue	Progress	CriteriaType	CriteriaVarType	CriteriaPercentage
1	17	0	0.0113966889	101332.572	101332.572	101332.572	101332.572	0	0	0	0	0	0	3
2	22	0	0.0227933778	101330.618	101331.595	101330.618	101332.572	0.976782978	0	0	0	0	0	3
3	26	0	0.0341900666	101330.293	101331.161	101330.293	101332.572	1.41098355	0	0	0	0	0	3
4	29	0	0.0455867555	101330.052	101330.884	101330.052	101332.572	1.68830904	0	0	0	0	0	3
5	33	0	0.0569834444	101329.958	101330.699	101329.958	101332.572	1.87336833	0	0	0	0	0	3
6	37	0	0.0683801333	101329.557	101330.508	101329.557	101332.572	2.06363481	0	0	0	0	0	3
7	41	0	0.0797768222	101329.319	101330.338	101329.319	101332.572	2.23355609	0	0	0	0	0	3
8	45	0	0.0911735111	101329.047	101330.177	101329.047	101332.572	2.39500904	0	0	0	0	0	3
9	48	0	0.1025702	101328.889	101330.034	101328.889	101332.572	2.53806409	0	0	0	0	0	3
10	52	0	0.113966889	101328.644	101329.895	101328.644	101332.572	2.67708793	0	0	0	0	0	3
11	57	0	0.125363578	101328.377	101329.757	101328.377	101332.572	2.81506658	0	0	0	0	0	3
12	61	0	0.136760267	101328.097	101329.618	101328.097	101332.572	2.95342029	0	0	0	0	0	3
13	65	0	0.148156955	101327.941	101329.489	101327.941	101332.572	3.08248704	0	0	0	0	0	3
14	69	0	0.159553644	101327.757	101329.366	101327.757	101332.572	3.20625187	0	0	0	0	0	3
15	73	0	0.170950333	101327.676	101329.253	101327.676	101332.572	3.31891444	0	0	0	0	0	3
16	78	0	0.182347022	101327.519	101329.145	101327.519	101332.572	3.42727973	0	0	0	0	0	3
17	82	0	0.193743711	101327.458	101329.045	101327.458	101332.572	3.52651932	0	0	0	0	0	3
18	86	0	0.2051404	101327.381	101328.953	101327.381	101332.572	3.61896321	0	0	0	0	0	3
19	89	0	0.216537089	101327.368	101328.87	101327.368	101332.572	3.70236849	0	0	0	0	0	3
20	94	0	0.227933778	101327.348	101328.793	101327.348	101332.572	3.77844663	0	0	0	0	0	3
21	97	0	0.239330467	101327.387	101328.726	101327.348	101332.572	3.84541474	0	0	0	0	0	3
22	100	0	0.250727155	101327.444	101328.668	101327.348	101332.572	3.90371251	0	0	0	0	0	3
23	104	0	0.262123844	101327.526	101328.619	101327.348	101332.572	3.95339271	0	0	0	0	0	3
24	107	0	0.273520533	101327.612	101328.577	101327.348	101332.572	3.99533274	0	0	0	0	0	3
25	110	0	0.284917222	101327.693	101328.541	101327.348	101332.572	4.03068849	0	0	0	0	0	3
26	113	0	0.296313911	101327.837	101328.514	101327.348	101332.572	4.05778318	0	0	0	0	0	3
27	117	0	0.3077106	101327.969	101328.494	101327.348	101332.572	4.07797276	0	0	0	0	0	3
28	121	0	0.319107289	101328.087	101328.479	101327.348	101332.572	4.09248977	0	0	0	0	0	3
29	126	0	0.330503978	101328.209	101328.47	101327.348	101332.572	4.10182656	0	0	0	0	0	3
30	129	0	0.341900666	101328.28	101328.464	101327.348	101332.572	4.10816819	0	0	0	0	0	3
31	133	0	0.353297355	101328.382	101328.461	101327.348	101332.572	4.11080711	0	0	0	0	0	3
32	137	0	0.364694044	101328.479	101328.462	101327.348	101332.572	4.11080711	0	0	0	0	0	3
33	141	0	0.376090733	101328.574	101328.465	101327.348	101332.572	4.11080711	0	0	0	0	0	3
34	144	0	0.387487422	101328.647	101328.47	101327.348	101332.572	4.11080711	0	0	0	0	0	3
35	148	0	0.398884111	101328.716	101328.477	101327.348	101332.572	4.11080711	0	0	0	0	0	3
36	152	0	0.4102808	101328.822	101328.487	101327.348	101332.572	4.11080711	0	0	0	0	0	3
37	155	0	0.421677489	101328.844	101328.497	101327.348	101332.572	4.11080711	0	0	0	0	0	3
38	159	0	0.433074178	101328.904	101328.507	101327.348	101332.572	4.11080711	0	0	0	0	0	3
39	162	0	0.444470866	101328.946	101328.519	101327.348	101332.572	4.11080711	0	0	0	0	0	3
40	165	0	0.455867555	101328.954	101328.529	101327.348	101332.572	4.11080711	0	0	0	0	0	3
41	169	0	0.467264244	101328.953	101328.54	101327.348	101332.572	4.11080711	0	0	0	0	0	3
42	173	0	0.478660933	101328.942	101328.549	101327.348	101332.572	4.11080711	0	0	0	0	0	3
43	176	0	0.490057622	101328.926	101328.558	101327.348	101332.572	4.11080711	0	0	0	0	0	3
44	180	0	0.501454311	101328.92	101328.566	101327.348	101332.572	4.11080711	0	0	0	0	0	3
45	183	0	0.512851	101328.9	101328.483	101327.348	101330.618	3.13402414	0	0	0	0	0	3
46	186	0	0.524247689	101328.891	101328.444	101327.348	101330.293	2.71723656	0	0	0	0	0	3
47	189	0	0.535644377	101328.896	101328.412	101327.348	101330.052	2.47164351	0	0	0	0	0	3
48	192	0	0.547041066	101328.906	101328.386	101327.348	101329.958	2.31262127	0	0	0	0	0	3
49	196	0	0.558437755	101328.914	101328.362	101327.348	101329.557	2.14607894	0	0	0	0	0	3
50	199	0	0.569834444	101328.924	101328.348	101327.348	101329.319	1.97084745	0	0	0	0	0	3
51	202	0	0.581231133	101328.925	101328.339	101327.348	101329.047	1.69875151	0	0	0	0	0	3
52	206	0	0.592627822	101328.928	101328.336	101327.348	101328.954	1.60653273	0	0	0	0	0	3
53	210	0	0.604024511	101328.928	101328.337	101327.348	101328.954	1.55865105	0	0	0	0	0	3
54	213	0	0.6154212	101328.932	101328.344	101327.348	101328.954	1.42067239	0	0	0	0	0	3
55	216	0	0.626817889	101328.931	101328.356	101327.348	101328.954	1.28231869	0	0	0	0	0	3
56	219	0	0.638214577	101328.935	101328.375	101327.348	101328.954	1.15325194	0	0	0	0	0	3
57	222	0	0.649611266	101328.936	101328.398	101327.348	101328.954	1.02948711	0	0	0	0	0	3
58	224	0	0.661007955	101328.941	101328.425	101327.348	101328.954	0.916824538	0	0	0	0	0	3
59	227	0	0.672404644	101328.943	101328.454	101327.348	101328.954	0.808459249	0	0	0	0	0	3
60	230	0	0.683801333	101328.948	101328.486	101327.348	101328.954	0.709219656	0	0	0	0	0	3
61	295	0	0.695198022	101328.945	101328.52	101327.348	101328.954	0.616775774	0	0	0	0	0	3
62	298	0	0.706594711	101328.943	101328.555	101327.348	101328.954	0.533370486	0	0	0	0	0	3
63	302	0	0.7179914	101328.943	101328.591	101327.348	101328.954	0.45729235	0	0	0	0	0	3
64	305	0	0.729388088	101328.944	101328.627	101327.387	101328.954	0.390324235	0	0	0	0	0	3
65	308	0	0.740784777	101328.944	101328.663	101327.444	101328.954	0.332026471	0	0	0	0	0	3
66	311	0	0.752181466	101328.94	101328.697	101327.526	101328.954	0.360620403	0	0	0	0	0	3
67	314	0	0.763578155	101328.944	101328.729	101327.612	101328.954	0.392849189	0	0	0	0	0	3
68	317	0	0.774974844	101328.939	101328.759	101327.693	101328.954	0.423012267	0	0	0	0	0	3
69	320	0	0.786371533	101328.943	101328.788	101327.837	101328.954	0.451421428	0	0	0	0	0	3
70	323	0	0.797768222	101328.949	101328.813	101327.969	101328.954	0.47670129	0	0	0	0	0	3
71	325	0	0.809164911	101328.95	101328.835	101328.087	101328.954	0.498999853	0	0	0	0	0	3
72	328	0	0.820561599	101328.952	101328.855	101328.209	101328.954	0.518643779	0	0	0	0	0	3
73	331	0	0.831958288	101328.954	101328.872	101328.28	101328.954	0.535582227	0	0	0	0	0	3
74	334	0	0.843354977	101328.953	101328.887	101328.382	101328.954	0.550879079	0	0	0	0	0	3
75	338	0	0.854751666	101328.954	101328.9	101328.479	101328.954	0.47576376	0	0	0	0	0	3
76	342	0	0.866148355	101328.953	101328.911	101328.574	101328.954	0.380837033	0	0	0	0	0	3
77	345	0	0.877545044	101328.954	101328.919	101328.647	101328.954	0.307844526	0	0	0	0	0	3
78	348	0	0.888941733	101328.954	101328.926	101328.716	101328.954	0.238646983	0	0	0	0	0	3
79	352	0	0.900338422	101328.955	101328.932	101328.822	101328.955	0.132362753	0	0	0	0	0	3
80	356	0	0.911735111	101328.953	101328.935	101328.844	101328.955	0.110732012	0	0	0	0	0	3
81	360	0	0.923131799	101328.955	101328.937	101328.891	101328.955	0.0643473929	0	0	0	0	0	3
82	363	0	0.934528488	101328.953	101328.938	101328.891	101328.955	0.0643473929	0	0	0	0	0	3
83	367	0	0.945925177	101328.951	101328.939	101328.891	101328.955	0.0643473929	0	0	0	0	0	3
84	370	0	0.957321866	101328.95	101328.938	101328.891	101328.955	0.0643473929	0	0	0	0	0	3
85	374	0	0.968718555	101328.949	101328.938	101328.891	101328.955	0.0643473929	0	0	0	0	0	3
86	377	0	0.980115244	101328.947	101328.938	101328.891	101328.955	0.0643473929	0	0	0	0	0	3
87	381	0	0.991511933	101328.943	101328.939	101328.891	101328.955	0.0643473929	0	0	0	0	0	3
88	385	0	1.00290862	101328.941	101328.939	101328.891	101328.955	0.0643473929	0.0883363954	0	100	0	0	3
89	389	0	1.01430531	101328.942	101328.94	101328.891	101328.955	0.0643473929	0.0883363954	0	100	0	0	3
90	392	0	1.025702	101328.942	101328.941	101328.896	101328.955	0.0587825815	0.0883363954	0	100	0	0	3
91	395	0	1.03709869	101328.943	101328.943	101328.906	101328.955	0.0490860517	0.0883363954	0	100	0	0	3
92	398	0	1.04849538	101328.939	101328.943	101328.914	101328.955	0.0406381893	0.0883363954	0	100	0	0	3
93	401	0	1.05989207	101328.94	101328.944	101328.924	101328.955	0.0310350373	0.0883363954	0	100	0	0	3
94	404	0	1.07128875	101328.937	101328.944	101328.925	101328.955	0.029675326	0.0883363954	0	100	0	0	3
95	407	0	1.08268544	101328.938	101328.944	101328.928	101328.955	0.027266965	0.0883363954	0	100	0	0	3
96	410	0	1.09408213	101328.934	101328.945	101328.928	101328.955	0.027266965	0.0883363954	0	100	0	0	3
97	413	0	1.10547882	101328.934	101328.945	101328.931	101328.955	0.0236402667	0.0883363954	0	100	0	0	3
98	414	0	1.11687551	101328.934	101328.945	101328.931	101328.955	0.0236402667	0.0883363954	0	100	0	0	3
99	417	0	1.1282722	101328.934	101328.945	101328.934	101328.955	0.0213343276	0.0883363954	0	100	0	0	3
100	419	0	1.13966889	101328.933	101328.945	101328.933	101328.955	0.0217683888	0.0883363954	0	100	0	0	3
101	422	0	1.15106558	101328.934	101328.945	101328.933	101328.955	0.0217683888	0.0883363954	0	100	0	0	3
102	424	0	1.16246227	101328.937	101328.945	101328.933	101328.955	0.0217683888	0.0883363954	0	100	0	0	3
103	430	0	1.17385895	101328.938	101328.945	101328.933	101328.955	0.0217683888	0.0883363954	0	100	0	0	3
104	432	0	1.18525564	101328.939	101328.944	101328.933	101328.955	0.0217683888	0.0883363954	0	100	0	0	3
105	436	0	1.19665233	101328.941	101328.944	101328.933	101328.955	0.0217683888	0.0883363954	0	100	0	0	3
106	439	0	1.20804902	101328.939	101328.944	101328.933	101328.955	0.0217683888	0.0883363954	0	100	0	0	3
107	443	0	1.21944571	101328.938	101328.944	101328.933	101328.955	0.0217683888	0.0883363954	0	100	0	0	3
108	447	0	1.2308424	101328.941	101328.944	101328.933	101328.955	0.0217683888	0.0883363954	0	100	0	0	3
109	450	0	1.24223909	101328.94	101328.944	101328.933	101328.955	0.0217683888	0.0883363954	0	100	0	0	3
110	454	0	1.25363578	101328.94	101328.944	101328.933	101328.955	0.0217683888	0.0883363954	0	100	0	0	3
111	457	0	1.26503247	101328.937	101328.944	101328.933	101328.955	0.0217683888	0.0883363954	0	100	0	0	3
112	460	0	1.27642915	101328.937	101328.944	101328.933	101328.955	0.0217683888	0.0883363954	0	100	0	0	3
113	463	0	1.28782584	101328.937	101328.944	101328.933	101328.955	0.0217683888	0.0883363954	0	100	0	0	3
114	466	0	1.29922253	101328.937	101328.943	101328.933	101328.955	0.0217683888	0.0883363954	0	100	0	0	3
115	470	0	1.31061922	101328.936	101328.943	101328.933	101328.955	0.0217683888	0.0883363954	0	100	0	0	3
116	473	0	1.32201591	101328.936	101328.943	101328.933	101328.955	0.0217683888	0.0883363954	0	100	0	0	3
117	477	0	1.3334126	101328.935	101328.942	101328.933	101328.955	0.0217683888	0.0883363954	0	100	0	0	3
118	481	0	1.34480929	101328.935	101328.942	101328.933	101328.955	0.0217683888	0.0883363954	0	100	0	0	3
119	484	0	1.35620598	101328.933	101328.941	101328.933	101328.955	0.0218580073	0.0883363954	0	100	0	0	3
120	487	0	1.36760267	101328.932	101328.941	101328.932	101328.955	0.0230335118	0.0883363954	0	100	0	0	3
121	490	0	1.37899935	101328.93	101328.94	101328.93	101328.955	0.0183515547	0.0883363954	0	100	0	0	3
122	493	0	1.39039604	101328.929	101328.94	101328.929	101328.955	0.0129264807	0.0883363954	0	100	0	0	3
123	496	0	1.40179273	101328.927	101328.939	101328.927	101328.955	0.00995683671	0.0883363954	0	100	0	0	3
124	499	0	1.41318942	101328.928	101328.938	101328.927	101328.955	0.00742855259	0.0883363954	0	100	0	0	3
125	502	0	1.42458611	101328.926	101328.938	101328.926	101328.953	0.00696421093	0.0883363954	0	100	0	0	3
126	505	0	1.4359828	101328.927	101328.937	101328.926	101328.951	0.00757021985	0.0883363954	0	100	0	0	3
127	508	0	1.44737949	101328.927	101328.937	101328.926	101328.95	0.00812012261	0.0883363954	0	100	0	0	3
128	511	0	1.45877618	101328.927	101328.936	101328.926	101328.949	0.00864833334	0.0883363954	0	100	0	0	3
129	514	0	1.47017287	101328.925	101328.936	101328.925	101328.947	0.00919042672	0.0883363954	0	100	0	0	3
130	517	0	1.48156955	101328.925	101328.935	101328.925	101328.943	0.00968114502	0.0883363954	0	100	0	0	3
131	521	0	1.49296624	101328.925	101328.935	101328.925	101328.943	0.0101100343	0.0883363954	0	100	0	0	3
132	524	0	1.50436293	101328.925	101328.934	101328.925	101328.943	0.0104700784	0.0883363954	0	100	0	0	3
133	527	0	1.51575962	101328.927	101328.934	101328.925	101328.943	0.0108120216	0.0883363954	0	100	0	0	3
134	530	0	1.52715631	101328.928	101328.934	101328.925	101328.943	0.0111106216	0.0883363954	0	100	0	0	3
135	533	0	1.538553	101328.93	101328.933	101328.925	101328.941	0.0114079172	0.0883363954	0	100	0	0	3
136	536	0	1.54994969	101328.93	101328.933	101328.925	101328.941	0.0116255969	0.0883363954	0	100	0	0	3
137	539	0	1.56134638	101328.931	101328.933	101328.925	101328.941	0.0118437927	0.0883363954	0	100	0	0	3
138	543	0	1.57274307	101328.93	101328.933	101328.925	101328.941	0.0119968522	0.0883363954	0	100	0	0	3
139	546	0	1.58413975	101328.93	101328.933	101328.925	101328.941	0.012172021	0.0883363954	0	100	0	0	3
140	549	0	1.59553644	101328.929	101328.933	101328.925	101328.941	0.0122777411	0.0883363954	0	100	0	0	3
141	552	0	1.60693313	101328.929	101328.932	101328.925	101328.941	0.0123920235	0.0883363954	0	100	0	0	3
142	555	0	1.61832982	101328.931	101328.932	101328.925	101328.941	0.0124642246	0.0883363954	0	100	0	0	3
143	558	0	1.62972651	101328.932	101328.932	101328.925	101328.941	0.0124672562	0.0883363954	0	100	0	0	3
144	561	0	1.6411232	101328.931	101328.932	101328.925	101328.941	0.0124584724	0.0883363954	0	100	0	0	3
145	564	0	1.65251989	101328.931	101328.932	101328.925	101328.941	0.0124567626	0.0883363954	0	100	0	0	3
146	567	0	1.66391658	101328.932	101328.932	101328.925	101328.941	0.012467309	0.0883363954	0	100	0	0	3
147	570	0	1.67531327	101328.93	101328.932	101328.925	101328.941	0.0124424616	0.0883363954	0	100	0	0	3
148	574	0	1.68670995	101328.931	101328.932	101328.925	101328.941	0.0125031766	0.0883363954	0	100	0	0	3
149	577	0	1.69810664	101328.931	101328.931	101328.925	101328.941	0.0126163674	0.0883363954	0	100	0	0	3
150	580	0	1.70950333	101328.933	101328.931	101328.925	101328.941	0.0126470121	0.0883363954	0	100	0	0	3
151	583	0	1.72090002	101328.934	101328.931	101328.925	101328.941	0.0126679835	0.0883363954	0	100	0	0	3
152	586	0	1.73229671	101328.933	101328.931	101328.925	101328.94	0.0127592458	0.0883363954	0	100	0	0	3
153	589	0	1.7436934	101328.933	101328.931	101328.925	101328.94	0.0129136645	0.0883363954	0	100	0	0	3
154	592	0	1.75509009	101328.933	101328.931	101328.925	101328.937	0.0128012746	0.0883363954	0	100	0	0	3
155	595	0	1.76648678	101328.933	101328.931	101328.925	101328.937	0.0125721926	0.0883363954	0	100	0	0	3
156	598	0	1.77788347	101328.933	101328.931	101328.925	101328.937	0.0125721926	0.0883363954	0	100	0	0	3
157	601	0	1.78928015	101328.935	101328.931	101328.925	101328.937	0.0125721926	0.0883363954	0	100	0	0	3
158	605	0	1.80067684	101328.934	101328.93	101328.925	101328.936	0.0112968843	0.0883363954	0	100	0	0	3
159	608	0	1.81207353	101328.933	101328.93	101328.925	101328.936	0.0112968843	0.0883363954	0	100	0	0	3
160	611	0	1.82347022	101328.933	101328.93	101328.925	101328.935	0.0106817931	0.0883363954	0	100	0	0	3
161	614	0	1.83486691	101328.933	101328.93	101328.925	101328.935	0.0106817931	0.0883363954	0	100	0	0	3
162	617	0	1.8462636	101328.933	101328.93	101328.925	101328.935	0.0102926057	0.0883363954	0	100	0	0	3
163	620	0	1.85766029	101328.933	101328.93	101328.925	101328.935	0.0102926057	0.0883363954	0	100	0	0	3
164	623	0	1.86905698	101328.934	101328.93	101328.925	101328.935	0.00995562095	0.0883363954	0	100	0	0	3
165	626	0	1.88045367	101328.933	101328.93	101328.925	101328.935	0.0093777383	0.0883363954	0	100	0	0	3
166	629	0	1.89185035	101328.935	101328.931	101328.925	101328.935	0.00875881659	0.0883363954	0	100	0	0	3
167	633	0	1.90324704	101328.934	101328.931	101328.925	101328.935	0.00820003399	0.0883363954	0	100	0	0	3
168	636	0	1.91464373	101328.936	101328.931	101328.925	101328.936	0.00754782037	0.0883363954	0	100	0	0	3
169	639	0	1.92604042	101328.934	101328.931	101328.925	101328.936	0.00694181144	0.0883363954	0	100	0	0	3
170	642	0	1.93743711	101328.936	101328.931	101328.925	101328.936	0.00639190868	0.0883363954	0	100	0	0	3
171	645	0	1.9488338	101328.936	101328.931	101328.925	101328.936	0.00586369795	0.0883363954	0	100	0	0	3
172	648	0	1.96023049	101328.94	101328.932	101328.925	101328.94	0.00532160458	0.0883363954	0	100	0	0	3
173	651	0	1.97162718	101328.937	101328.932	101328.925	101328.94	0.00483088628	0.0883363954	0	100	0	0	3
174	654	0	1.98302387	101328.941	101328.932	101328.925	101328.941	0.00440199704	0.0883363954	0	100	0	0	3
175	657	0	1.99442055	101328.94	101328.933	101328.925	101328.941	0.00404195287	0.0883363954	0	100	0	0	3
176	660	0	2.00581724	101328.943	101328.933	101328.927	101328.943	0.00370000974	0.0883363954	0	100	0	0	3
177	663	0	2.01721393	101328.942	101328.934	101328.928	101328.943	0.00340140969	0.0883363954	0	100	0	0	3
178	666	0	2.02861062	101328.945	101328.934	101328.929	101328.945	0.00360776791	0.0883363954	0	100	0	0	3
179	669	0	2.04000731	101328.943	101328.934	101328.929	101328.945	0.00390464226	0.0883363954	0	100	0	0	3
180	672	0	2.051404	101328.945	101328.935	101328.929	101328.945	0.00426422486	0.0883363954	0	100	0	0	3
181	676	0	2.06280069	101328.947	101328.935	101328.929	101328.947	0.00462618982	0.0883363954	0	100	0	0	3
182	679	0	2.07419738	101328.945	101328.935	101328.929	101328.947	0.00496697231	0.0883363954	0	100	0	0	3
183	682	0	2.08559407	101328.944	101328.936	101328.929	101328.947	0.00528610752	0.0883363954	0	100	0	0	3
184	685	0	2.09699075	101328.945	101328.936	101328.929	101328.947	0.00564262446	0.0883363954	0	100	0	0	3
185	688	0	2.10838744	101328.943	101328.936	101328.93	101328.947	0.00597292872	0.0883363954	0	100	0	0	3
186	691	0	2.11978413	101328.946	101328.937	101328.93	101328.947	0.00632488368	0.0883363954	0	100	0	0	3
187	694	0	2.13118082	101328.945	101328.937	101328.93	101328.947	0.00663162352	0.0883363954	0	100	0	0	3
