Iteration	CPUTime	PhysTime	Travels	Value	AvValue	MinValue	MaxValue	Delta	Criteria	PrevAvRefValue	Progress	CriteriaType	CriteriaVarType	CriteriaPercentage
1	17	0	0.0113966889	293.206237	293.206237	293.206237	293.206237	0	0	0	0	0	0	3
2	22	0	0.0227933778	293.211596	293.208917	293.206237	293.211596	0.00267946697	0	0	0	0	0	3
3	26	0	0.0341900666	293.215876	293.211236	293.206237	293.215876	0.00499913399	0	0	0	0	0	3
4	29	0	0.0455867555	293.220039	293.213437	293.206237	293.220039	0.00719985148	0	0	0	0	0	3
5	33	0	0.0569834444	293.224302	293.21561	293.206237	293.224302	0.00937280066	0	0	0	0	0	3
6	37	0	0.0683801333	293.231261	293.218218	293.206237	293.231261	0.0119813757	0	0	0	0	0	3
7	41	0	0.0797768222	293.238525	293.221119	293.206237	293.238525	0.0148822541	0	0	0	0	0	3
8	45	0	0.0911735111	293.24575	293.224198	293.206237	293.24575	0.0179610711	0	0	0	0	0	3
9	48	0	0.1025702	293.252998	293.227398	293.206237	293.252998	0.0211610661	0	0	0	0	0	3
10	52	0	0.113966889	293.260472	293.230706	293.206237	293.260472	0.0244684959	0	0	0	0	0	3
11	57	0	0.125363578	293.286395	293.235768	293.206237	293.286395	0.0295311774	0	0	0	0	0	3
12	61	0	0.136760267	293.314739	293.242349	293.206237	293.314739	0.036112113	0	0	0	0	0	3
13	65	0	0.148156955	293.343012	293.250092	293.206237	293.343012	0.0438553933	0	0	0	0	0	3
14	69	0	0.159553644	293.371233	293.258745	293.206237	293.371233	0.0525082978	0	0	0	0	0	3
15	73	0	0.170950333	293.399452	293.268126	293.206237	293.399452	0.0618887321	0	0	0	0	0	3
16	78	0	0.182347022	293.442164	293.279003	293.206237	293.442164	0.072766094	0	0	0	0	0	3
17	82	0	0.193743711	293.48523	293.291134	293.206237	293.48523	0.0848970994	0	0	0	0	0	3
18	86	0	0.2051404	293.52871	293.304333	293.206237	293.52871	0.0980957511	0	0	0	0	0	3
19	89	0	0.216537089	293.572727	293.318459	293.206237	293.572727	0.112221763	0	0	0	0	0	3
20	94	0	0.227933778	293.617342	293.333403	293.206237	293.617342	0.127165929	0	0	0	0	0	3
21	97	0	0.239330467	293.685414	293.350165	293.206237	293.685414	0.143928338	0	0	0	0	0	3
22	100	0	0.250727155	293.754582	293.368548	293.206237	293.754582	0.162310899	0	0	0	0	0	3
23	104	0	0.262123844	293.824799	293.388385	293.206237	293.824799	0.182147919	0	0	0	0	0	3
24	107	0	0.273520533	293.895793	293.409527	293.206237	293.895793	0.203289901	0	0	0	0	0	3
25	110	0	0.284917222	293.967594	293.43185	293.206237	293.967594	0.225612579	0	0	0	0	0	3
26	113	0	0.296313911	294.076724	293.456652	293.206237	294.076724	0.250415423	0	0	0	0	0	3
27	117	0	0.3077106	294.18588	293.483661	293.206237	294.18588	0.277423862	0	0	0	0	0	3
28	121	0	0.319107289	294.293867	293.512597	293.206237	294.293867	0.306359793	0	0	0	0	0	3
29	126	0	0.330503978	294.400382	293.54321	293.206237	294.400382	0.336973062	0	0	0	0	0	3
30	129	0	0.341900666	294.505783	293.575296	293.206237	294.505783	0.369058828	0	0	0	0	0	3
31	133	0	0.353297355	294.659067	293.610256	293.206237	294.659067	0.404019195	0	0	0	0	0	3
32	137	0	0.364694044	294.80314	293.647534	293.206237	294.80314	0.441296821	0	0	0	0	0	3
33	141	0	0.376090733	294.940666	293.68672	293.206237	294.940666	0.480482638	0	0	0	0	0	3
34	144	0	0.387487422	295.072329	293.727473	293.206237	295.072329	0.521235844	0	0	0	0	0	3
35	148	0	0.398884111	295.199391	293.769528	293.206237	295.199391	0.563290657	0	0	0	0	0	3
36	152	0	0.4102808	295.383045	293.814348	293.206237	295.383045	0.608110581	0	0	0	0	0	3
37	155	0	0.421677489	295.559982	293.861527	293.206237	295.559982	0.655289897	0	0	0	0	0	3
38	159	0	0.433074178	295.731928	293.910748	293.206237	295.731928	0.704510981	0	0	0	0	0	3
39	162	0	0.444470866	295.903536	293.961845	293.206237	295.903536	0.755608116	0	0	0	0	0	3
40	165	0	0.455867555	296.077928	294.014747	293.206237	296.077928	0.808510192	0	0	0	0	0	3
41	169	0	0.467264244	296.339293	294.071443	293.206237	296.339293	0.86520643	0	0	0	0	0	3
42	173	0	0.478660933	296.601782	294.13169	293.206237	296.601782	0.925452595	0	0	0	0	0	3
43	176	0	0.490057622	296.860653	294.195154	293.206237	296.860653	0.988916868	0	0	0	0	0	3
44	180	0	0.501454311	297.110963	294.261422	293.206237	297.110963	1.05518526	0	0	0	0	0	3
45	183	0	0.512851	297.349789	294.355594	293.211596	297.349789	1.14667743	0	0	0	0	0	3
46	186	0	0.524247689	297.578046	294.454831	293.215876	297.578046	1.24359525	0	0	0	0	0	3
47	189	0	0.535644377	297.795174	294.558906	293.220039	297.795174	1.3454695	0	0	0	0	0	3
48	192	0	0.547041066	298.002276	294.667594	293.224302	298.002276	1.45198376	0	0	0	0	0	3
49	196	0	0.558437755	298.19959	294.780668	293.231261	298.19959	1.56244991	0	0	0	0	0	3
50	199	0	0.569834444	298.390232	294.897918	293.238525	298.390232	1.67679837	0	0	0	0	0	3
51	202	0	0.581231133	298.576944	295.019245	293.24575	298.576944	1.79504728	0	0	0	0	0	3
52	206	0	0.592627822	298.760223	295.144574	293.252998	298.760223	1.91717622	0	0	0	0	0	3
53	210	0	0.604024511	298.940946	295.273846	293.260472	298.940946	2.04314032	0	0	0	0	0	3
54	213	0	0.6154212	299.118734	295.406988	293.286395	299.118734	2.17121996	0	0	0	0	0	3
55	216	0	0.626817889	299.29353	295.543514	293.314739	299.29353	2.30116482	0	0	0	0	0	3
56	219	0	0.638214577	299.465449	295.683303	293.343012	299.465449	2.43321039	0	0	0	0	0	3
57	222	0	0.649611266	299.634744	295.826297	293.371233	299.634744	2.5675514	0	0	0	0	0	3
58	224	0	0.661007955	299.801305	295.972435	293.399452	299.801305	2.70430898	0	0	0	0	0	3
59	227	0	0.672404644	299.964344	296.121637	293.442164	299.964344	2.84263371	0	0	0	0	0	3
60	230	0	0.683801333	300.122772	296.273469	293.48523	300.122772	2.98233472	0	0	0	0	0	3
61	295	0	0.695198022	300.276198	296.427809	293.52871	300.276198	3.12347626	0	0	0	0	0	3
62	298	0	0.706594711	300.424153	296.584524	293.572727	300.424153	3.26606487	0	0	0	0	0	3
63	302	0	0.7179914	300.567096	296.743487	293.617342	300.567096	3.41008363	0	0	0	0	0	3
64	305	0	0.729388088	300.705093	296.904572	293.685414	300.705093	3.55440647	0	0	0	0	0	3
65	308	0	0.740784777	300.838675	297.067146	293.754582	300.838675	3.69859804	0	0	0	0	0	3
66	311	0	0.752181466	300.96675	297.231059	293.824799	300.96675	3.84267392	0	0	0	0	0	3
67	314	0	0.763578155	301.091599	297.396213	293.895793	301.091599	3.98668648	0	0	0	0	0	3
68	317	0	0.774974844	301.212558	297.562504	293.967594	301.212558	4.13065392	0	0	0	0	0	3
69	320	0	0.786371533	301.328868	297.729805	294.076724	301.328868	4.27315276	0	0	0	0	0	3
70	323	0	0.797768222	301.442416	297.897207	294.18588	301.442416	4.41354642	0	0	0	0	0	3
71	325	0	0.809164911	301.551471	298.064607	294.293867	301.551471	4.55201028	0	0	0	0	0	3
72	328	0	0.820561599	301.65821	298.231979	294.400382	301.65821	4.68876844	0	0	0	0	0	3
73	331	0	0.831958288	301.762418	298.399298	294.505783	301.762418	4.82400167	0	0	0	0	0	3
74	334	0	0.843354977	301.864924	298.566551	294.659067	301.864924	4.95629451	0	0	0	0	0	3
75	338	0	0.854751666	301.964417	298.732581	294.80314	301.964417	5.08504757	0	0	0	0	0	3
76	342	0	0.866148355	302.063205	298.897583	294.940666	302.063205	5.21086322	0	0	0	0	0	3
77	345	0	0.877545044	302.158873	299.061633	295.072329	302.158873	5.33416016	0	0	0	0	0	3
78	348	0	0.888941733	302.253121	299.224833	295.199391	302.253121	5.45530518	0	0	0	0	0	3
79	352	0	0.900338422	302.343772	299.387205	295.383045	302.343772	5.57285755	0	0	0	0	0	3
80	356	0	0.911735111	302.432	299.547409	295.559982	302.432	5.68588175	0	0	0	0	0	3
81	360	0	0.923131799	302.515965	299.705499	295.731928	302.515965	5.79475119	0	0	0	0	0	3
82	363	0	0.934528488	302.59806	299.861548	295.903536	302.59806	5.89970252	0	0	0	0	0	3
83	367	0	0.945925177	302.676461	300.015478	296.077928	302.676461	6.00073055	0	0	0	0	0	3
84	370	0	0.957321866	302.751772	300.167156	296.339293	302.751772	6.09571257	0	0	0	0	0	3
85	374	0	0.968718555	302.82585	300.314578	296.601782	302.82585	6.18288817	0	0	0	0	0	3
86	377	0	0.980115244	302.896895	300.457649	296.860653	302.896895	6.03624115	0	0	0	0	0	3
87	381	0	0.991511933	302.967447	300.596439	297.110963	302.967447	5.85648346	0	0	0	0	0	3
88	385	0	1.00290862	303.03491	300.731074	297.349789	303.03491	5.68512071	0.294571022	0	5.1	0	0	3
89	389	0	1.01430531	303.101597	300.861797	297.578046	303.101597	5.52355091	0.296571633	0	5.3	0	0	3
90	392	0	1.025702	303.164864	300.98877	297.795174	303.164864	5.36968962	0.297520638	0	5.5	0	0	3
91	395	0	1.03709869	303.228328	301.112251	298.002276	303.228328	5.22605214	0.298429985	0	5.7	0	0	3
92	398	0	1.04849538	303.288767	301.232399	298.19959	303.288767	5.08917738	0.29930598	0	5.8	0	0	3
93	401	0	1.05989207	303.349299	301.349438	298.390232	303.349299	4.9590667	0.300153009	0	6	0	0	3
94	404	0	1.07128875	303.407598	301.463469	298.576944	303.407598	4.8306534	0.300972874	0	6.2	0	0	3
95	407	0	1.08268544	303.46558	301.574574	298.760223	303.46558	4.70535728	0.301776021	0	6.4	0	0	3
96	410	0	1.09408213	303.521304	301.68278	298.940946	303.521304	4.58035797	0.302560165	0	6.6	0	0	3
97	413	0	1.10547882	303.576957	301.788144	299.118734	303.576957	4.45822261	0.30333065	0	6.8	0	0	3
98	414	0	1.11687551	303.629852	301.89067	299.29353	303.629852	4.33632144	0.304027955	0	7	0	0	3
99	417	0	1.1282722	303.681901	301.990405	299.465449	303.681901	4.21645201	0.304663126	0	7.2	0	0	3
100	419	0	1.13966889	303.732074	302.087374	299.634744	303.732074	4.0973301	0.305247189	0	7.4	0	0	3
101	422	0	1.15106558	303.781909	302.181628	299.801305	303.781909	3.98060319	0.305791272	0	7.6	0	0	3
102	424	0	1.16246227	303.830199	302.273194	299.964344	303.830199	3.86585533	0.30630064	0	7.9	0	0	3
103	430	0	1.17385895	303.878819	302.362159	300.122772	303.878819	3.75604711	0.306753909	0	8.1	0	0	3
104	432	0	1.18525564	303.925596	302.448587	300.276198	303.925596	3.64939773	0.307157476	0	8.4	0	0	3
105	436	0	1.19665233	303.97207	302.532584	300.424153	303.97207	3.54791691	0.307518848	0	8.6	0	0	3
106	439	0	1.20804902	304.016848	302.614236	300.567096	304.016848	3.4497526	0.307841337	0	8.9	0	0	3
107	443	0	1.21944571	304.061205	302.693648	300.705093	304.061205	3.35611197	0.308129471	0	9.1	0	0	3
108	447	0	1.2308424	304.103627	302.770887	300.838675	304.103627	3.26495199	0.308350318	0	9.4	0	0	3
109	450	0	1.24223909	304.145781	302.846049	300.96675	304.145781	3.17903156	0.30851154	0	9.7	0	0	3
110	454	0	1.25363578	304.185484	302.919202	301.091599	304.185484	3.09388468	0.308616494	0	9.9	0	0	3
111	457	0	1.26503247	304.224327	302.9904	301.212558	304.224327	3.01176886	0.308670387	0	10.2	0	0	3
112	460	0	1.27642915	304.260949	303.059682	301.328868	304.260949	2.93208084	0.308675814	0	10.5	0	0	3
113	463	0	1.28782584	304.296534	303.127129	301.442416	304.296534	2.85411766	0.308592554	0	10.8	0	0	3
114	466	0	1.29922253	304.330101	303.192758	301.551471	304.330101	2.77862962	0.308428479	0	11.1	0	0	3
115	470	0	1.31061922	304.363553	303.256669	301.65821	304.363553	2.7053439	0.308193743	0	11.3	0	0	3
116	473	0	1.32201591	304.394678	303.318861	301.762418	304.394678	2.6322604	0.307894998	0	11.6	0	0	3
117	477	0	1.3334126	304.425722	303.379391	301.864924	304.425722	2.56079774	0.307539935	0	12	0	0	3
118	481	0	1.34480929	304.455009	303.438256	301.964417	304.455009	2.49059157	0.307084545	0	12.3	0	0	3
119	484	0	1.35620598	304.484187	303.495524	302.063205	304.484187	2.42098171	0.306547347	0	12.6	0	0	3
120	487	0	1.36760267	304.511254	303.551161	302.158873	304.511254	2.35238162	0.305940169	0	13	0	0	3
121	490	0	1.37899935	304.539357	303.605263	302.253121	304.539357	2.28623526	0.305275644	0	13.3	0	0	3
122	493	0	1.39039604	304.565146	303.657809	302.343772	304.565146	2.2213743	0.30456085	0	13.7	0	0	3
123	496	0	1.40179273	304.591164	303.708886	302.432	304.591164	2.15916414	0.303751785	0	14	0	0	3
124	499	0	1.41318942	304.61562	303.758514	302.515965	304.61562	2.09965462	0.3028606	0	14.4	0	0	3
125	502	0	1.42458611	304.640454	303.806798	302.59806	304.640454	2.04239392	0.301898307	0	14.7	0	0	3
126	505	0	1.4359828	304.663407	303.853738	302.676461	304.663407	1.98694562	0.300869302	0	15.1	0	0	3
127	508	0	1.44737949	304.68716	303.899435	302.751772	304.68716	1.93538805	0.299777191	0	15.4	0	0	3
128	511	0	1.45877618	304.7093	303.943925	302.82585	304.7093	1.88344994	0.298560266	0	15.8	0	0	3
129	514	0	1.47017287	304.730902	303.987221	302.896895	304.730902	1.83400706	0.297226445	0	16.2	0	0	3
130	517	0	1.48156955	304.751726	304.029376	302.967447	304.751726	1.78427908	0.295786105	0	16.5	0	0	3
131	521	0	1.49296624	304.771976	304.070389	303.03491	304.771976	1.73706687	0.294571022	0	16.9	0	0	3
132	524	0	1.50436293	304.790684	304.110292	303.101597	304.790684	1.68908697	0.294571022	0	17.4	0	0	3
133	527	0	1.51575962	304.809673	304.149112	303.164864	304.809673	1.64480961	0.294571022	0	17.9	0	0	3
134	530	0	1.52715631	304.827327	304.186896	303.228328	304.827327	1.59899821	0.294571022	0	18.4	0	0	3
135	533	0	1.538553	304.844561	304.223628	303.288767	304.844561	1.55579404	0.294571022	0	18.9	0	0	3
136	536	0	1.54994969	304.862071	304.259385	303.349299	304.862071	1.51277229	0.294571022	0	19.4	0	0	3
137	539	0	1.56134638	304.879865	304.294171	303.407598	304.879865	1.4722673	0.294571022	0	20	0	0	3
138	543	0	1.57274307	304.897308	304.328028	303.46558	304.897308	1.43172831	0.294571022	0	20.5	0	0	3
139	546	0	1.58413975	304.916007	304.360992	303.521304	304.916007	1.39470345	0.294571022	0	21.1	0	0	3
140	549	0	1.59553644	304.934019	304.393099	303.576957	304.934019	1.35706194	0.294571022	0	21.7	0	0	3
141	552	0	1.60693313	304.951542	304.42434	303.629852	304.951542	1.32169057	0.294571022	0	22.2	0	0	3
142	555	0	1.61832982	304.968776	304.45477	303.681901	304.968776	1.28687528	0.294571022	0	22.8	0	0	3
143	558	0	1.62972651	304.9857	304.484402	303.732074	304.9857	1.25362521	0.294571022	0	23.4	0	0	3
144	561	0	1.6411232	305.001076	304.513243	303.781909	305.001076	1.21916773	0.294571022	0	24.1	0	0	3
145	564	0	1.65251989	305.017083	304.541315	303.830199	305.017083	1.18688377	0.294571022	0	24.8	0	0	3
146	567	0	1.66391658	305.031149	304.568609	303.878819	305.031149	1.15232908	0.294571022	0	25.5	0	0	3
147	570	0	1.67531327	305.044437	304.5951	303.925596	305.044437	1.11884064	0.294571022	0	26.3	0	0	3
148	574	0	1.68670995	305.056922	304.620812	303.97207	305.056922	1.08485153	0.294571022	0	27.1	0	0	3
149	577	0	1.69810664	305.069157	304.645746	304.016848	305.069157	1.05230823	0.294571022	0	27.9	0	0	3
150	580	0	1.70950333	305.080094	304.669911	304.061205	305.080094	1.0188891	0.294571022	0	28.9	0	0	3
151	583	0	1.72090002	305.09166	304.69333	304.103627	305.09166	0.988033353	0.294571022	0	29.8	0	0	3
152	586	0	1.73229671	305.101799	304.716016	304.145781	305.101799	0.95601829	0.294571022	0	30.8	0	0	3
153	589	0	1.7436934	305.111104	304.737955	304.185484	305.111104	0.925619894	0.294571022	0	31.8	0	0	3
154	592	0	1.75509009	305.119807	304.75919	304.224327	305.119807	0.895480286	0.294571022	0	32.8	0	0	3
155	595	0	1.76648678	305.128651	304.779743	304.260949	305.128651	0.867701838	0.294571022	0	33.9	0	0	3
156	598	0	1.77788347	305.136778	304.799648	304.296534	305.136778	0.840244413	0.294571022	0	35	0	0	3
157	601	0	1.78928015	305.146281	304.81896	304.330101	305.146281	0.816180092	0.294571022	0	36	0	0	3
158	605	0	1.80067684	305.15398	304.837685	304.363553	305.15398	0.790426706	0.294571022	0	37.2	0	0	3
159	608	0	1.81207353	305.161662	304.855824	304.394678	305.161662	0.766983666	0.294571022	0	38.4	0	0	3
160	611	0	1.82347022	305.168844	304.873418	304.425722	305.168844	0.743122104	0.294571022	0	39.6	0	0	3
161	614	0	1.83486691	305.176168	304.890474	304.455009	305.176168	0.721158972	0.294571022	0	40.8	0	0	3
162	617	0	1.8462636	305.182382	304.907005	304.484187	305.182382	0.698195324	0.294571022	0	42.1	0	0	3
163	620	0	1.85766029	305.189671	304.923039	304.511254	305.189671	0.678416803	0.294571022	0	43.4	0	0	3
164	623	0	1.86905698	305.194921	304.938577	304.539357	305.194921	0.655564712	0.294571022	0	44.9	0	0	3
165	626	0	1.88045367	305.200805	304.95361	304.565146	305.200805	0.635658683	0.294571022	0	46.3	0	0	3
166	629	0	1.89185035	305.205809	304.96817	304.591164	305.205809	0.614644965	0.294571022	0	47.9	0	0	3
167	633	0	1.90324704	305.211374	304.982266	304.61562	305.211374	0.595753839	0.294571022	0	49.4	0	0	3
168	636	0	1.91464373	305.215564	304.995901	304.640454	305.215564	0.575110246	0.294571022	0	51.2	0	0	3
169	639	0	1.92604042	305.221401	305.009104	304.663407	305.221401	0.557994155	0.294571022	0	52.7	0	0	3
170	642	0	1.93743711	305.225922	305.021889	304.68716	305.225922	0.538762377	0.294571022	0	54.6	0	0	3
171	645	0	1.9488338	305.23089	305.034246	304.7093	305.23089	0.521589908	0.294571022	0	56.4	0	0	3
172	648	0	1.96023049	305.23637	305.046225	304.730902	305.23637	0.505468861	0.294571022	0	58.2	0	0	3
173	651	0	1.97162718	305.242377	305.057849	304.751726	305.242377	0.490650979	0.294571022	0	60	0	0	3
174	654	0	1.98302387	305.247603	305.069119	304.771976	305.247603	0.475626279	0.294571022	0	61.9	0	0	3
175	657	0	1.99442055	305.253853	305.080071	304.790684	305.253853	0.463168915	0.294571022	0	63.5	0	0	3
176	660	0	2.00581724	305.25893	305.090713	304.809673	305.25893	0.449257245	0.294571022	0	65.5	0	0	3
177	663	0	2.01721393	305.264056	305.10104	304.827327	305.264056	0.436729494	0.294571022	0	67.4	0	0	3
178	666	0	2.02861062	305.268998	305.111078	304.844561	305.268998	0.424436937	0.294571022	0	69.4	0	0	3
179	669	0	2.04000731	305.273917	305.120836	304.862071	305.273917	0.411846322	0.294571022	0	71.5	0	0	3
180	672	0	2.051404	305.27748	305.130277	304.879865	305.27748	0.397614867	0.294571022	0	74	0	0	3
181	676	0	2.06280069	305.281284	305.1394	304.897308	305.281284	0.383975456	0.294571022	0	76.7	0	0	3
182	679	0	2.07419738	305.283737	305.148183	304.916007	305.283737	0.367729375	0.294571022	0	80.1	0	0	3
183	682	0	2.08559407	305.28606	305.156593	304.934019	305.28606	0.352041304	0.294571022	0	83.6	0	0	3
184	685	0	2.09699075	305.287131	305.164618	304.951542	305.287131	0.335588622	0.294571022	0	87.7	0	0	3
185	688	0	2.10838744	305.289125	305.172291	304.968776	305.289125	0.320349503	0.294571022	0	91.9	0	0	3
186	691	0	2.11978413	305.289538	305.179581	304.9857	305.289538	0.303838139	0.294571022	0	96.9	0	0	3
187	694	0	2.13118082	305.291215	305.186524	305.001076	305.291215	0.290139113	0.294571022	0	100	0	0	3
