Iteration	CPUTime	PhysTime	Travels	Value	AvValue	MinValue	MaxValue	Delta	Criteria	PrevAvRefValue	Progress	CriteriaType	CriteriaVarType	CriteriaPercentage
1	17	0	0.0113966889	101332.535	101332.535	101332.535	101332.535	0	0	0	0	0	0	3
2	22	0	0.0227933778	101330.561	101331.548	101330.561	101332.535	0.98709964	0	0	0	0	0	3
3	26	0	0.0341900666	101330.214	101331.103	101330.214	101332.535	1.43198506	0	0	0	0	0	3
4	29	0	0.0455867555	101329.951	101330.815	101329.951	101332.535	1.72009973	0	0	0	0	0	3
5	33	0	0.0569834444	101329.835	101330.619	101329.835	101332.535	1.91625422	0	0	0	0	0	3
6	37	0	0.0683801333	101329.399	101330.416	101329.399	101332.535	2.11969319	0	0	0	0	0	3
7	41	0	0.0797768222	101329.124	101330.231	101329.124	101332.535	2.30425583	0	0	0	0	0	3
8	45	0	0.0911735111	101328.815	101330.054	101328.815	101332.535	2.48130438	0	0	0	0	0	3
9	48	0	0.1025702	101328.62	101329.895	101328.62	101332.535	2.6406558	0	0	0	0	0	3
10	52	0	0.113966889	101328.337	101329.739	101328.337	101332.535	2.79641152	0	0	0	0	0	3
11	57	0	0.125363578	101328.018	101329.583	101328.018	101332.535	2.95284971	0	0	0	0	0	3
12	61	0	0.136760267	101327.688	101329.425	101327.688	101332.535	3.11077198	0	0	0	0	0	3
13	65	0	0.148156955	101327.482	101329.275	101327.482	101332.535	3.2602364	0	0	0	0	0	3
14	69	0	0.159553644	101327.251	101329.131	101327.251	101332.535	3.40481832	0	0	0	0	0	3
15	73	0	0.170950333	101327.126	101328.997	101327.126	101332.535	3.53848744	0	0	0	0	0	3
16	78	0	0.182347022	101326.909	101328.866	101326.909	101332.535	3.6690041	0	0	0	0	0	3
17	82	0	0.193743711	101326.792	101328.744	101326.792	101332.535	3.79105628	0	0	0	0	0	3
18	86	0	0.2051404	101326.664	101328.629	101326.664	101332.535	3.90662102	0	0	0	0	0	3
19	89	0	0.216537089	101326.603	101328.522	101326.603	101332.535	4.01325688	0	0	0	0	0	3
20	94	0	0.227933778	101326.538	101328.423	101326.538	101332.535	4.11245204	0	0	0	0	0	3
21	97	0	0.239330467	101326.516	101328.332	101326.516	101332.535	4.20325033	0	0	0	0	0	3
22	100	0	0.250727155	101326.517	101328.25	101326.516	101332.535	4.28575793	0	0	0	0	0	3
23	104	0	0.262123844	101326.547	101328.176	101326.516	101332.535	4.35977934	0	0	0	0	0	3
24	107	0	0.273520533	101326.586	101328.109	101326.516	101332.535	4.42602013	0	0	0	0	0	3
25	110	0	0.284917222	101326.623	101328.05	101326.516	101332.535	4.48549314	0	0	0	0	0	3
26	113	0	0.296313911	101326.705	101327.998	101326.516	101332.535	4.537221	0	0	0	0	0	3
27	117	0	0.3077106	101326.784	101327.953	101326.516	101332.535	4.58220243	0	0	0	0	0	3
28	121	0	0.319107289	101326.853	101327.914	101326.516	101332.535	4.62149592	0	0	0	0	0	3
29	126	0	0.330503978	101326.929	101327.88	101326.516	101332.535	4.65545633	0	0	0	0	0	3
30	129	0	0.341900666	101326.959	101327.849	101326.516	101332.535	4.68614233	0	0	0	0	0	3
31	133	0	0.353297355	101327.006	101327.822	101326.516	101332.535	4.71335137	0	0	0	0	0	3
32	137	0	0.364694044	101327.054	101327.798	101326.516	101332.535	4.73733989	0	0	0	0	0	3
33	141	0	0.376090733	101327.109	101327.777	101326.516	101332.535	4.75822263	0	0	0	0	0	3
34	144	0	0.387487422	101327.147	101327.759	101326.516	101332.535	4.77674462	0	0	0	0	0	3
35	148	0	0.398884111	101327.184	101327.742	101326.516	101332.535	4.79315911	0	0	0	0	0	3
36	152	0	0.4102808	101327.251	101327.729	101326.516	101332.535	4.80680668	0	0	0	0	0	3
37	155	0	0.421677489	101327.242	101327.715	101326.516	101332.535	4.81996564	0	0	0	0	0	3
38	159	0	0.433074178	101327.277	101327.704	101326.516	101332.535	4.83150297	0	0	0	0	0	3
39	162	0	0.444470866	101327.3	101327.694	101326.516	101332.535	4.84186702	0	0	0	0	0	3
40	165	0	0.455867555	101327.294	101327.684	101326.516	101332.535	4.85184564	0	0	0	0	0	3
41	169	0	0.467264244	101327.282	101327.674	101326.516	101332.535	4.86164729	0	0	0	0	0	3
42	173	0	0.478660933	101327.265	101327.664	101326.516	101332.535	4.87137298	0	0	0	0	0	3
43	176	0	0.490057622	101327.248	101327.654	101326.516	101332.535	4.88105033	0	0	0	0	0	3
44	180	0	0.501454311	101327.241	101327.645	101326.516	101332.535	4.89044456	0	0	0	0	0	3
45	183	0	0.512851	101327.218	101327.524	101326.516	101330.561	4.02419211	0	0	0	0	0	3
46	186	0	0.524247689	101327.207	101327.448	101326.516	101330.214	3.65554904	0	0	0	0	0	3
47	189	0	0.535644377	101327.207	101327.38	101326.516	101329.951	3.43477232	0	0	0	0	0	3
48	192	0	0.547041066	101327.212	101327.317	101326.516	101329.835	3.30185116	0	0	0	0	0	3
49	196	0	0.558437755	101327.215	101327.258	101326.516	101329.399	2.88232804	0	0	0	0	0	3
50	199	0	0.569834444	101327.221	101327.208	101326.516	101329.124	2.60758442	0	0	0	0	0	3
51	202	0	0.581231133	101327.218	101327.165	101326.516	101328.815	2.29857184	0	0	0	0	0	3
52	206	0	0.592627822	101327.219	101327.129	101326.516	101328.62	2.10374887	0	0	0	0	0	3
53	210	0	0.604024511	101327.219	101327.097	101326.516	101328.337	1.82100312	0	0	0	0	0	3
54	213	0	0.6154212	101327.222	101327.072	101326.516	101328.018	1.50198447	0	0	0	0	0	3
55	216	0	0.626817889	101327.224	101327.054	101326.516	101327.688	1.17129912	0	0	0	0	0	3
56	219	0	0.638214577	101327.228	101327.043	101326.516	101327.482	0.965406601	0	0	0	0	0	3
57	222	0	0.649611266	101327.23	101327.037	101326.516	101327.3	0.783515202	0	0	0	0	0	3
58	224	0	0.661007955	101327.236	101327.037	101326.516	101327.3	0.783515202	0	0	0	0	0	3
59	227	0	0.672404644	101327.24	101327.04	101326.516	101327.3	0.783515202	0	0	0	0	0	3
60	230	0	0.683801333	101327.248	101327.047	101326.516	101327.3	0.783515202	0	0	0	0	0	3
61	295	0	0.695198022	101327.249	101327.058	101326.516	101327.3	0.783515202	0	0	0	0	0	3
62	298	0	0.706594711	101327.251	101327.071	101326.516	101327.3	0.783515202	0	0	0	0	0	3
63	302	0	0.7179914	101327.256	101327.086	101326.516	101327.3	0.783515202	0	0	0	0	0	3
64	305	0	0.729388088	101327.259	101327.102	101326.516	101327.3	0.783515202	0	0	0	0	0	3
65	308	0	0.740784777	101327.264	101327.119	101326.517	101327.3	0.782716791	0	0	0	0	0	3
66	311	0	0.752181466	101327.265	101327.136	101326.547	101327.3	0.75254935	0	0	0	0	0	3
67	314	0	0.763578155	101327.269	101327.153	101326.586	101327.3	0.713857427	0	0	0	0	0	3
68	317	0	0.774974844	101327.267	101327.168	101326.623	101327.3	0.677144585	0	0	0	0	0	3
69	320	0	0.786371533	101327.275	101327.183	101326.705	101327.3	0.594716524	0	0	0	0	0	3
70	323	0	0.797768222	101327.281	101327.196	101326.784	101327.3	0.516018748	0	0	0	0	0	3
71	325	0	0.809164911	101327.284	101327.207	101326.853	101327.3	0.44671948	0	0	0	0	0	3
72	328	0	0.820561599	101327.286	101327.217	101326.929	101327.3	0.370646841	0	0	0	0	0	3
73	331	0	0.831958288	101327.289	101327.225	101326.959	101327.3	0.340335544	0	0	0	0	0	3
74	334	0	0.843354977	101327.287	101327.233	101327.006	101327.3	0.293921491	0	0	0	0	0	3
75	338	0	0.854751666	101327.288	101327.239	101327.054	101327.3	0.24528333	0	0	0	0	0	3
76	342	0	0.866148355	101327.286	101327.245	101327.109	101327.3	0.190769412	0	0	0	0	0	3
77	345	0	0.877545044	101327.287	101327.249	101327.147	101327.3	0.152269494	0	0	0	0	0	3
78	348	0	0.888941733	101327.287	101327.252	101327.184	101327.3	0.115550701	0	0	0	0	0	3
79	352	0	0.900338422	101327.289	101327.254	101327.207	101327.3	0.0931618299	0	0	0	0	0	3
80	356	0	0.911735111	101327.287	101327.255	101327.207	101327.3	0.0931618299	0	0	0	0	0	3
81	360	0	0.923131799	101327.292	101327.256	101327.207	101327.3	0.0931618299	0	0	0	0	0	3
82	363	0	0.934528488	101327.29	101327.256	101327.207	101327.3	0.0931618299	0	0	0	0	0	3
83	367	0	0.945925177	101327.29	101327.256	101327.207	101327.294	0.0878509496	0	0	0	0	0	3
84	370	0	0.957321866	101327.291	101327.256	101327.207	101327.292	0.0853139023	0	0	0	0	0	3
85	374	0	0.968718555	101327.289	101327.256	101327.207	101327.292	0.0853139023	0	0	0	0	0	3
86	377	0	0.980115244	101327.288	101327.257	101327.207	101327.292	0.0853139023	0	0	0	0	0	3
87	381	0	0.991511933	101327.286	101327.258	101327.207	101327.292	0.0853139023	0	0	0	0	0	3
88	385	0	1.00290862	101327.284	101327.259	101327.207	101327.292	0.0853139023	0.110923805	0	0	0	0	3
89	389	0	1.01430531	101327.285	101327.26	101327.207	101327.292	0.0853139023	0.110923805	0	0	0	0	3
90	392	0	1.025702	101327.287	101327.262	101327.207	101327.292	0.0845669174	0.110923805	0	0	0	0	3
91	395	0	1.03709869	101327.288	101327.264	101327.212	101327.292	0.079671364	0.110923805	0	0	0	0	3
92	398	0	1.04849538	101327.286	101327.265	101327.215	101327.292	0.0769277899	0.110923805	0	0	0	0	3
93	401	0	1.05989207	101327.289	101327.267	101327.218	101327.292	0.0734830515	0.110923805	0	0	0	0	3
94	404	0	1.07128875	101327.286	101327.269	101327.218	101327.292	0.0734830515	0.110923805	0	0	0	0	3
95	407	0	1.08268544	101327.287	101327.27	101327.219	101327.292	0.0732800313	0.110923805	0	0	0	0	3
96	410	0	1.09408213	101327.285	101327.272	101327.219	101327.292	0.0732800313	0.110923805	0	0	0	0	3
97	413	0	1.10547882	101327.284	101327.273	101327.222	101327.292	0.0697661039	0.110923805	0	0	0	0	3
98	414	0	1.11687551	101327.285	101327.275	101327.224	101327.292	0.0683399104	0.110923805	0	0	0	0	3
99	417	0	1.1282722	101327.285	101327.276	101327.228	101327.292	0.0641514087	0.110923805	0	0	0	0	3
100	419	0	1.13966889	101327.286	101327.277	101327.23	101327.292	0.0618042048	0.110923805	0	0	0	0	3
101	422	0	1.15106558	101327.287	101327.279	101327.236	101327.292	0.0560144723	0.110923805	0	0	0	0	3
102	424	0	1.16246227	101327.293	101327.28	101327.24	101327.293	0.0526243925	0.110923805	0	0	0	0	3
103	430	0	1.17385895	101327.293	101327.281	101327.248	101327.293	0.0446048732	0.110923805	0	0	0	0	3
104	432	0	1.18525564	101327.295	101327.282	101327.249	101327.295	0.0457324276	0.110923805	0	0	0	0	3
105	436	0	1.19665233	101327.298	101327.283	101327.251	101327.298	0.0471620236	0.110923805	0	0	0	0	3
106	439	0	1.20804902	101327.297	101327.284	101327.256	101327.298	0.0421899076	0.110923805	0	0	0	0	3
107	443	0	1.21944571	101327.298	101327.285	101327.259	101327.298	0.0385429813	0.110923805	0	0	0	0	3
108	447	0	1.2308424	101327.302	101327.286	101327.264	101327.302	0.038787031	0.110923805	0	0	0	0	3
109	450	0	1.24223909	101327.302	101327.287	101327.265	101327.302	0.0374343087	0.110923805	0	0	0	0	3
110	454	0	1.25363578	101327.303	101327.288	101327.267	101327.303	0.0350507233	0.110923805	0	0	0	0	3
111	457	0	1.26503247	101327.301	101327.289	101327.267	101327.303	0.0350507233	0.110923805	0	0	0	0	3
112	460	0	1.27642915	101327.302	101327.289	101327.275	101327.303	0.0275646663	0.110923805	0	0	0	0	3
113	463	0	1.28782584	101327.302	101327.29	101327.281	101327.303	0.0217867157	0.110923805	0	0	0	0	3
114	466	0	1.29922253	101327.305	101327.291	101327.284	101327.305	0.0206753704	0.110923805	0	0	0	0	3
115	470	0	1.31061922	101327.303	101327.291	101327.284	101327.305	0.0205638459	0.110923805	0	0	0	0	3
116	473	0	1.32201591	101327.304	101327.291	101327.284	101327.305	0.0205638459	0.110923805	0	0	0	0	3
117	477	0	1.3334126	101327.303	101327.292	101327.284	101327.305	0.0205638459	0.110923805	0	0	0	0	3
118	481	0	1.34480929	101327.303	101327.292	101327.284	101327.305	0.0205638459	0.110923805	0	0	0	0	3
119	484	0	1.35620598	101327.301	101327.292	101327.284	101327.305	0.0205638459	0.110923805	0	0	0	0	3
120	487	0	1.36760267	101327.3	101327.293	101327.284	101327.305	0.0205638459	0.110923805	0	0	0	0	3
121	490	0	1.37899935	101327.297	101327.293	101327.284	101327.305	0.0205638459	0.110923805	0	0	0	0	3
122	493	0	1.39039604	101327.296	101327.293	101327.284	101327.305	0.0205638459	0.110923805	0	0	0	0	3
123	496	0	1.40179273	101327.294	101327.293	101327.284	101327.305	0.0205638459	0.110923805	0	0	0	0	3
124	499	0	1.41318942	101327.295	101327.294	101327.284	101327.305	0.0205638459	0.110923805	0	0	0	0	3
125	502	0	1.42458611	101327.293	101327.294	101327.284	101327.305	0.0205638459	0.110923805	0	0	0	0	3
126	505	0	1.4359828	101327.295	101327.294	101327.284	101327.305	0.0205638459	0.110923805	0	0	0	0	3
127	508	0	1.44737949	101327.294	101327.294	101327.284	101327.305	0.0205638459	0.110923805	0	0	0	0	3
128	511	0	1.45877618	101327.294	101327.294	101327.284	101327.305	0.0205638459	0.110923805	0	0	0	0	3
129	514	0	1.47017287	101327.293	101327.294	101327.284	101327.305	0.0205638459	0.110923805	0	0	0	0	3
130	517	0	1.48156955	101327.293	101327.294	101327.284	101327.305	0.0205638459	0.110923805	0	0	0	0	3
131	521	0	1.49296624	101327.293	101327.294	101327.284	101327.305	0.0205638459	0.110923805	0	0	0	0	3
132	524	0	1.50436293	101327.294	101327.294	101327.284	101327.305	0.0204445156	0.110923805	0	0	0	0	3
133	527	0	1.51575962	101327.294	101327.295	101327.284	101327.305	0.0204445156	0.110923805	0	0	0	0	3
134	530	0	1.52715631	101327.296	101327.295	101327.284	101327.305	0.0204445156	0.110923805	0	0	0	0	3
135	533	0	1.538553	101327.298	101327.295	101327.284	101327.305	0.0204445156	0.110923805	0	0	0	0	3
136	536	0	1.54994969	101327.298	101327.295	101327.284	101327.305	0.0204445156	0.110923805	0	0	0	0	3
137	539	0	1.56134638	101327.299	101327.296	101327.284	101327.305	0.0204445156	0.110923805	0	0	0	0	3
138	543	0	1.57274307	101327.299	101327.296	101327.284	101327.305	0.0204445156	0.110923805	0	0	0	0	3
139	546	0	1.58413975	101327.297	101327.296	101327.284	101327.305	0.0204445156	0.110923805	0	0	0	0	3
140	549	0	1.59553644	101327.297	101327.296	101327.284	101327.305	0.0204445156	0.110923805	0	0	0	0	3
141	552	0	1.60693313	101327.297	101327.297	101327.285	101327.305	0.0200042263	0.110923805	0	0	0	0	3
142	555	0	1.61832982	101327.3	101327.297	101327.285	101327.305	0.0197332618	0.110923805	0	0	0	0	3
143	558	0	1.62972651	101327.3	101327.297	101327.286	101327.305	0.0189140945	0.110923805	0	0	0	0	3
144	561	0	1.6411232	101327.301	101327.298	101327.287	101327.305	0.017560106	0.110923805	0	0	0	0	3
145	564	0	1.65251989	101327.3	101327.298	101327.293	101327.305	0.0121375146	0.110923805	0	0	0	0	3
146	567	0	1.66391658	101327.303	101327.298	101327.293	101327.305	0.0121375146	0.110923805	0	0	0	0	3
147	570	0	1.67531327	101327.302	101327.298	101327.293	101327.305	0.0121375146	0.110923805	0	0	0	0	3
148	574	0	1.68670995	101327.304	101327.299	101327.293	101327.305	0.0121375146	0.110923805	0	0	0	0	3
149	577	0	1.69810664	101327.303	101327.299	101327.293	101327.305	0.0121375146	0.110923805	0	0	0	0	3
150	580	0	1.70950333	101327.306	101327.299	101327.293	101327.306	0.0134958168	0.110923805	0	0	0	0	3
151	583	0	1.72090002	101327.307	101327.299	101327.293	101327.307	0.0129619074	0.110923805	0	0	0	0	3
152	586	0	1.73229671	101327.306	101327.299	101327.293	101327.307	0.0121715028	0.110923805	0	0	0	0	3
153	589	0	1.7436934	101327.307	101327.299	101327.293	101327.307	0.0114227891	0.110923805	0	0	0	0	3
154	592	0	1.75509009	101327.307	101327.3	101327.293	101327.307	0.0108122107	0.110923805	0	0	0	0	3
155	595	0	1.76648678	101327.305	101327.3	101327.293	101327.307	0.010124547	0.110923805	0	0	0	0	3
156	598	0	1.77788347	101327.306	101327.3	101327.293	101327.307	0.00961540018	0.110923805	0	0	0	0	3
157	601	0	1.78928015	101327.306	101327.3	101327.293	101327.307	0.00916615753	0.110923805	0	0	0	0	3
158	605	0	1.80067684	101327.305	101327.3	101327.293	101327.307	0.00873152903	0.110923805	0	0	0	0	3
159	608	0	1.81207353	101327.305	101327.3	101327.293	101327.307	0.00836136928	0.110923805	0	0	0	0	3
160	611	0	1.82347022	101327.304	101327.3	101327.293	101327.307	0.00802410835	0.110923805	0	0	0	0	3
161	614	0	1.83486691	101327.303	101327.3	101327.293	101327.307	0.00765158297	0.110923805	0	0	0	0	3
162	617	0	1.8462636	101327.304	101327.3	101327.293	101327.307	0.00736697931	0.110923805	0	0	0	0	3
163	620	0	1.85766029	101327.302	101327.3	101327.293	101327.307	0.0070645369	0.110923805	0	0	0	0	3
164	623	0	1.86905698	101327.304	101327.3	101327.293	101327.307	0.00691626922	0.110923805	0	0	0	0	3
165	626	0	1.88045367	101327.303	101327.3	101327.293	101327.307	0.00685977259	0.110923805	0	0	0	0	3
166	629	0	1.89185035	101327.306	101327.3	101327.293	101327.307	0.00695251004	0.110923805	0	0	0	0	3
167	633	0	1.90324704	101327.305	101327.301	101327.293	101327.307	0.00698657539	0.110923805	0	0	0	0	3
168	636	0	1.91464373	101327.308	101327.301	101327.293	101327.308	0.00723091849	0.110923805	0	0	0	0	3
169	639	0	1.92604042	101327.304	101327.301	101327.293	101327.308	0.00736440725	0.110923805	0	0	0	0	3
170	642	0	1.93743711	101327.307	101327.301	101327.293	101327.308	0.00756711852	0.110923805	0	0	0	0	3
171	645	0	1.9488338	101327.308	101327.302	101327.293	101327.308	0.00781219479	0.110923805	0	0	0	0	3
172	648	0	1.96023049	101327.312	101327.302	101327.293	101327.312	0.00811742253	0.110923805	0	0	0	0	3
173	651	0	1.97162718	101327.309	101327.302	101327.293	101327.312	0.00837983376	0.110923805	0	0	0	0	3
174	654	0	1.98302387	101327.314	101327.303	101327.293	101327.314	0.00870720316	0.110923805	0	0	0	0	3
175	657	0	1.99442055	101327.311	101327.303	101327.294	101327.314	0.008915899	0.110923805	0	0	0	0	3
176	660	0	2.00581724	101327.316	101327.304	101327.294	101327.316	0.00919971649	0.110923805	0	0	0	0	3
177	663	0	2.01721393	101327.316	101327.304	101327.296	101327.316	0.00947162212	0.110923805	0	0	0	0	3
178	666	0	2.02861062	101327.318	101327.305	101327.297	101327.318	0.00972880228	0.110923805	0	0	0	0	3
179	669	0	2.04000731	101327.316	101327.305	101327.297	101327.318	0.00986508559	0.110923805	0	0	0	0	3
180	672	0	2.051404	101327.319	101327.306	101327.297	101327.319	0.0101066973	0.110923805	0	0	0	0	3
181	676	0	2.06280069	101327.319	101327.306	101327.297	101327.319	0.0102627171	0.110923805	0	0	0	0	3
182	679	0	2.07419738	101327.318	101327.307	101327.297	101327.319	0.0104657495	0.110923805	0	0	0	0	3
183	682	0	2.08559407	101327.317	101327.307	101327.297	101327.319	0.0106389343	0.110923805	0	0	0	0	3
184	685	0	2.09699075	101327.317	101327.308	101327.297	101327.319	0.0107965869	0.110923805	0	0	0	0	3
185	688	0	2.10838744	101327.315	101327.308	101327.3	101327.319	0.0108614808	0.110923805	0	0	0	0	3
186	691	0	2.11978413	101327.318	101327.308	101327.3	101327.319	0.0109344873	0.110923805	0	0	0	0	3
187	694	0	2.13118082	101327.316	101327.309	101327.3	101327.319	0.0109352977	0.110923805	0	0	0	0	3
