Iteration	CPUTime	PhysTime	Travels	Value	AvValue	MinValue	MaxValue	Delta	Criteria	PrevAvRefValue	Progress	CriteriaType	CriteriaVarType	CriteriaPercentage
1	17	0	0.0113966889	2.04279441e-09	2.04279441e-09	2.04279441e-09	2.04279441e-09	0	0	0	0	0	0	3
2	22	0	0.0227933778	2.27837045e-09	2.16058243e-09	2.04279441e-09	2.27837045e-09	1.1778802e-10	0	0	0	0	0	3
3	26	0	0.0341900666	2.79276497e-09	2.37130994e-09	2.04279441e-09	2.79276497e-09	3.28515531e-10	0	0	0	0	0	3
4	29	0	0.0455867555	1.58536875e-09	2.17482465e-09	1.58536875e-09	2.79276497e-09	3.28515531e-10	0	0	0	0	0	3
5	33	0	0.0569834444	1.32746377e-09	2.00535247e-09	1.32746377e-09	2.79276497e-09	3.65957474e-10	0	0	0	0	0	3
6	37	0	0.0683801333	7.19049632e-10	1.79096866e-09	7.19049632e-10	2.79276497e-09	5.80341281e-10	0	0	0	0	0	3
7	41	0	0.0797768222	5.08253741e-10	1.60772367e-09	5.08253741e-10	2.79276497e-09	7.6358627e-10	0	0	0	0	0	3
8	45	0	0.0911735111	5.14209034e-10	1.47103434e-09	5.08253741e-10	2.79276497e-09	9.002756e-10	0	0	0	0	0	3
9	48	0	0.1025702	5.05128297e-10	1.36371145e-09	5.05128297e-10	2.79276497e-09	1.00759849e-09	0	0	0	0	0	3
10	52	0	0.113966889	4.5230409e-10	1.27257071e-09	4.5230409e-10	2.79276497e-09	1.09873923e-09	0	0	0	0	0	3
11	57	0	0.125363578	2.81997277e-10	1.18251858e-09	2.81997277e-10	2.79276497e-09	1.18879136e-09	0	0	0	0	0	3
12	61	0	0.136760267	2.66286613e-10	1.10616592e-09	2.66286613e-10	2.79276497e-09	1.26514403e-09	0	0	0	0	0	3
13	65	0	0.148156955	2.16232563e-10	1.03770951e-09	2.16232563e-10	2.79276497e-09	1.33360044e-09	0	0	0	0	0	3
14	69	0	0.159553644	2.07928383e-10	9.78439427e-10	2.07928383e-10	2.79276497e-09	1.39287052e-09	0	0	0	0	0	3
15	73	0	0.170950333	2.00699169e-10	9.26590077e-10	2.00699169e-10	2.79276497e-09	1.44471987e-09	0	0	0	0	0	3
16	78	0	0.182347022	1.6026134e-10	8.78694531e-10	1.6026134e-10	2.79276497e-09	1.49261541e-09	0	0	0	0	0	3
17	82	0	0.193743711	1.71822033e-10	8.37113795e-10	1.6026134e-10	2.79276497e-09	1.53419615e-09	0	0	0	0	0	3
18	86	0	0.2051404	2.70225125e-10	8.0561998e-10	1.6026134e-10	2.79276497e-09	1.56568996e-09	0	0	0	0	0	3
19	89	0	0.216537089	2.5803946e-10	7.76799953e-10	1.6026134e-10	2.79276497e-09	1.59450999e-09	0	0	0	0	0	3
20	94	0	0.227933778	2.56547412e-10	7.50787326e-10	1.6026134e-10	2.79276497e-09	1.62052262e-09	0	0	0	0	0	3
21	97	0	0.239330467	1.78387966e-10	7.23530214e-10	1.6026134e-10	2.79276497e-09	1.64777973e-09	0	0	0	0	0	3
22	100	0	0.250727155	3.00300156e-10	7.04292484e-10	1.6026134e-10	2.79276497e-09	1.66701746e-09	0	0	0	0	0	3
23	104	0	0.262123844	3.05361971e-09	8.06437146e-10	1.6026134e-10	3.05361971e-09	1.66701746e-09	0	0	0	0	0	3
24	107	0	0.273520533	-4.50985999e-10	7.54044515e-10	-4.50985999e-10	3.05361971e-09	1.66701746e-09	0	0	0	0	0	3
25	110	0	0.284917222	-1.070643e-09	6.81057014e-10	-1.070643e-09	3.05361971e-09	1.69025293e-09	0	0	0	0	0	3
26	113	0	0.296313911	-1.03535021e-09	6.15041352e-10	-1.070643e-09	3.05361971e-09	1.75626859e-09	0	0	0	0	0	3
27	117	0	0.3077106	-3.47405982e-09	4.6359316e-10	-3.47405982e-09	3.05361971e-09	1.90771678e-09	0	0	0	0	0	3
28	121	0	0.319107289	-5.71121422e-10	4.26639068e-10	-3.47405982e-09	3.05361971e-09	1.94467088e-09	0	0	0	0	0	3
29	126	0	0.330503978	-9.09604247e-10	3.80561712e-10	-3.47405982e-09	3.05361971e-09	1.99074823e-09	0	0	0	0	0	3
30	129	0	0.341900666	-1.81935868e-08	-2.38576571e-10	-1.81935868e-08	3.05361971e-09	2.60988652e-09	0	0	0	0	0	3
31	133	0	0.353297355	-5.26781869e-10	-2.47873516e-10	-1.81935868e-08	3.05361971e-09	2.61918346e-09	0	0	0	0	0	3
32	137	0	0.364694044	-6.58422055e-10	-2.60703158e-10	-1.81935868e-08	3.05361971e-09	2.6320131e-09	0	0	0	0	0	3
33	141	0	0.376090733	-9.82409824e-10	-2.82573057e-10	-1.81935868e-08	3.05361971e-09	2.653883e-09	0	0	0	0	0	3
34	144	0	0.387487422	-4.020082e-09	-3.92499791e-10	-1.81935868e-08	3.05361971e-09	2.76380974e-09	0	0	0	0	0	3
35	148	0	0.398884111	-8.79007679e-10	-4.06400016e-10	-1.81935868e-08	3.05361971e-09	2.77770996e-09	0	0	0	0	0	3
36	152	0	0.4102808	-4.46431259e-09	-5.1911981e-10	-1.81935868e-08	3.05361971e-09	2.89042975e-09	0	0	0	0	0	3
37	155	0	0.421677489	-3.11048763e-08	-1.34576188e-09	-3.11048763e-08	3.05361971e-09	3.71707182e-09	0	0	0	0	0	3
38	159	0	0.433074178	-1.25287964e-09	-1.34331761e-09	-3.11048763e-08	3.05361971e-09	3.71707182e-09	0	0	0	0	0	3
39	162	0	0.444470866	-2.76290951e-09	-1.3797174e-09	-3.11048763e-08	3.05361971e-09	3.75102734e-09	0	0	0	0	0	3
40	165	0	0.455867555	-8.28945316e-09	-1.55246079e-09	-3.11048763e-08	3.05361971e-09	3.92377074e-09	0	0	0	0	0	3
41	169	0	0.467264244	-1.36517792e-09	-1.54789292e-09	-3.11048763e-08	3.05361971e-09	3.92377074e-09	0	0	0	0	0	3
42	173	0	0.478660933	-2.15195544e-09	-1.56227536e-09	-3.11048763e-08	3.05361971e-09	3.9335853e-09	0	0	0	0	0	3
43	176	0	0.490057622	-7.13657677e-09	-1.69191028e-09	-3.11048763e-08	3.05361971e-09	4.06322022e-09	0	0	0	0	0	3
44	180	0	0.501454311	-2.01694934e-09	-1.69929753e-09	-3.11048763e-08	3.05361971e-09	4.07060747e-09	0	0	0	0	0	3
45	183	0	0.512851	-2.07803981e-08	-2.21800645e-09	-3.11048763e-08	3.05361971e-09	4.58931639e-09	0	0	0	0	0	3
46	186	0	0.524247689	2.32841951e-09	-2.21686897e-09	-3.11048763e-08	3.05361971e-09	4.58931639e-09	0	0	0	0	0	3
47	189	0	0.535644377	1.78675063e-09	-2.23973293e-09	-3.11048763e-08	3.05361971e-09	4.41455758e-09	0	0	0	0	0	3
48	192	0	0.547041066	2.43856613e-09	-2.22034208e-09	-3.11048763e-08	3.05361971e-09	4.2450854e-09	0	0	0	0	0	3
49	196	0	0.558437755	3.60581907e-09	-2.16856128e-09	-3.11048763e-08	3.60581907e-09	4.0307016e-09	0	0	0	0	0	3
50	199	0	0.569834444	-8.46759624e-11	-2.18682777e-09	-3.11048763e-08	3.60581907e-09	3.84745661e-09	0	0	0	0	0	3
51	202	0	0.581231133	-2.16636137e-09	-2.24761448e-09	-3.11048763e-08	3.60581907e-09	3.71864882e-09	0	0	0	0	0	3
52	206	0	0.592627822	-2.35128953e-09	-2.31273945e-09	-3.11048763e-08	3.60581907e-09	3.6764509e-09	0	0	0	0	0	3
53	210	0	0.604024511	-1.73642565e-09	-2.36368385e-09	-3.11048763e-08	3.60581907e-09	3.63625457e-09	0	0	0	0	0	3
54	213	0	0.6154212	-2.50030515e-09	-2.43078861e-09	-3.11048763e-08	3.60581907e-09	3.61330719e-09	0	0	0	0	0	3
55	216	0	0.626817889	-1.76994113e-09	-2.47742357e-09	-3.11048763e-08	3.60581907e-09	3.58358949e-09	0	0	0	0	0	3
56	219	0	0.638214577	-2.23981524e-09	-2.53438043e-09	-3.11048763e-08	3.60581907e-09	3.57208994e-09	0	0	0	0	0	3
57	222	0	0.649611266	-3.65532855e-09	-2.62237046e-09	-3.11048763e-08	3.60581907e-09	3.60080989e-09	0	0	0	0	0	3
58	224	0	0.661007955	-2.90597486e-10	-2.63370059e-09	-3.11048763e-08	3.60581907e-09	3.56029067e-09	0	0	0	0	0	3
59	227	0	0.672404644	-3.34575032e-10	-2.64586591e-09	-3.11048763e-08	3.60581907e-09	3.52456045e-09	0	0	0	0	0	3
60	230	0	0.683801333	4.11567272e-09	-2.5559702e-09	-3.11048763e-08	4.11567272e-09	3.48297971e-09	0	0	0	0	0	3
61	295	0	0.695198022	2.80303767e-09	-2.49616985e-09	-3.11048763e-08	4.11567272e-09	3.45230306e-09	0	0	0	0	0	3
62	298	0	0.706594711	2.94905362e-09	-2.43528738e-09	-3.11048763e-08	4.11567272e-09	3.45230306e-09	0	0	0	0	0	3
63	302	0	0.7179914	2.4405857e-09	-2.38568406e-09	-3.11048763e-08	4.11567272e-09	3.45230306e-09	0	0	0	0	0	3
64	305	0	0.729388088	2.28639805e-09	-2.33955109e-09	-3.11048763e-08	4.11567272e-09	3.45230306e-09	0	0	0	0	0	3
65	308	0	0.740784777	2.45506974e-09	-2.28780832e-09	-3.11048763e-08	4.11567272e-09	3.45230306e-09	0	0	0	0	0	3
66	311	0	0.752181466	1.83870921e-09	-2.25284448e-09	-3.11048763e-08	4.11567272e-09	3.45230306e-09	0	0	0	0	0	3
67	314	0	0.763578155	1.75435665e-09	-2.28237318e-09	-3.11048763e-08	4.11567272e-09	3.39991043e-09	0	0	0	0	0	3
68	317	0	0.774974844	1.79704387e-09	-2.2312816e-09	-3.11048763e-08	4.11567272e-09	3.32692293e-09	0	0	0	0	0	3
69	320	0	0.786371533	2.00891263e-09	-2.1612917e-09	-3.11048763e-08	4.11567272e-09	3.26090727e-09	0	0	0	0	0	3
70	323	0	0.797768222	1.9551172e-09	-2.09332653e-09	-3.11048763e-08	4.11567272e-09	3.10945907e-09	0	0	0	0	0	3
71	325	0	0.809164911	1.77957756e-09	-1.97392568e-09	-3.11048763e-08	4.11567272e-09	3.07250498e-09	0	0	0	0	0	3
72	328	0	0.820561599	2.46663338e-09	-1.9048858e-09	-3.11048763e-08	4.11567272e-09	3.02642763e-09	0	0	0	0	0	3
73	331	0	0.831958288	-2.37082725e-09	-1.93809541e-09	-3.11048763e-08	4.11567272e-09	2.40728934e-09	0	0	0	0	0	3
74	334	0	0.843354977	-5.26315461e-09	-1.64422195e-09	-3.11048763e-08	4.11567272e-09	2.3979924e-09	0	0	0	0	0	3
75	338	0	0.854751666	4.9502794e-10	-1.620999e-09	-3.11048763e-08	4.11567272e-09	2.38516276e-09	0	0	0	0	0	3
76	342	0	0.866148355	-1.84369284e-09	-1.64793697e-09	-3.11048763e-08	4.11567272e-09	2.36329286e-09	0	0	0	0	0	3
77	345	0	0.877545044	-2.19611918e-09	-1.67552128e-09	-3.11048763e-08	4.11567272e-09	2.25336612e-09	0	0	0	0	0	3
78	348	0	0.888941733	-2.1432136e-09	-1.63286518e-09	-3.11048763e-08	4.11567272e-09	2.2394659e-09	0	0	0	0	0	3
79	352	0	0.900338422	-9.49381703e-10	-1.63446459e-09	-3.11048763e-08	4.11567272e-09	2.12674611e-09	0	0	0	0	0	3
80	356	0	0.911735111	-1.78515901e-09	-1.57357473e-09	-3.11048763e-08	4.11567272e-09	1.30254831e-09	0	0	0	0	0	3
81	360	0	0.923131799	-3.13518203e-09	-9.37899863e-10	-2.07803981e-08	4.11567272e-09	1.70796605e-09	0	0	0	0	0	3
82	363	0	0.934528488	-7.63860595e-10	-9.26785794e-10	-2.07803981e-08	4.11567272e-09	1.71908012e-09	0	0	0	0	0	3
83	367	0	0.945925177	-1.07305657e-09	-8.88380046e-10	-2.07803981e-08	4.11567272e-09	1.75748587e-09	0	0	0	0	0	3
84	370	0	0.957321866	3.18944574e-10	-6.92734643e-10	-2.07803981e-08	4.11567272e-09	1.95313127e-09	0	0	0	0	0	3
85	374	0	0.968718555	1.24311227e-09	-6.3345532e-10	-2.07803981e-08	4.11567272e-09	2.01241059e-09	0	0	0	0	0	3
86	377	0	0.980115244	-1.80911024e-10	-5.88658856e-10	-2.07803981e-08	4.11567272e-09	2.05720706e-09	0	0	0	0	0	3
87	381	0	0.991511933	-1.80445295e-10	-4.30564959e-10	-2.07803981e-08	4.11567272e-09	2.21530096e-09	0	0	0	0	0	3
88	385	0	1.00290862	-2.10979294e-10	-3.89520185e-10	-2.07803981e-08	4.11567272e-09	2.25634573e-09	0.000201038252	0	0	0	0	3
89	389	0	1.01430531	-5.54301405e-10	7.01638317e-11	-5.26315461e-09	4.11567272e-09	2.71602975e-09	0.000201267545	0	0	0	0	3
90	392	0	1.025702	6.6996746e-10	3.24717397e-11	-5.26315461e-09	4.11567272e-09	2.71602975e-09	0.000201036442	0	0	0	0	3
91	395	0	1.03709869	-7.9258842e-09	-1.88269961e-10	-7.9258842e-09	4.11567272e-09	2.71602975e-09	0.000200859189	0	0	0	0	3
92	398	0	1.04849538	-7.52303009e-10	-2.60789714e-10	-7.9258842e-09	4.11567272e-09	2.71602975e-09	0.000200949795	0	0	0	0	3
93	401	0	1.05989207	-2.89359526e-10	-3.493165e-10	-7.9258842e-09	4.11567272e-09	2.71602975e-09	0.000201312465	0	0	0	0	3
94	404	0	1.07128875	-9.10449554e-10	-3.68084082e-10	-7.9258842e-09	4.11567272e-09	2.71602975e-09	0.000200719199	0	0	0	0	3
95	407	0	1.08268544	-1.22398887e-08	-5.97027884e-10	-1.22398887e-08	4.11567272e-09	2.71602975e-09	0.000201326127	0	0	0	0	3
96	410	0	1.09408213	-5.64843897e-09	-6.71963099e-10	-1.22398887e-08	4.11567272e-09	2.71602975e-09	0.000200707837	0	0	0	0	3
97	413	0	1.10547882	-9.50225728e-09	-8.48459272e-10	-1.22398887e-08	4.11567272e-09	2.71602975e-09	0.000200912684	0	0	0	0	3
98	414	0	1.11687551	-7.99932657e-09	-9.73437032e-10	-1.22398887e-08	4.11567272e-09	2.71602975e-09	0.000200697085	0	0	0	0	3
99	417	0	1.1282722	-4.45562511e-10	-9.43337518e-10	-1.22398887e-08	4.11567272e-09	2.71602975e-09	0.000200910613	0	0	0	0	3
100	419	0	1.13966889	-6.59378248e-10	-9.07418495e-10	-1.22398887e-08	4.11567272e-09	2.71602975e-09	0.000201078913	0	0	0	0	3
101	422	0	1.15106558	-4.07979026e-09	-9.17065352e-10	-1.22398887e-08	4.11567272e-09	2.71602975e-09	0.000201016354	0	0	0	0	3
102	424	0	1.16246227	-1.37041545e-10	-9.13575444e-10	-1.22398887e-08	4.11567272e-09	2.71602975e-09	0.000200658952	0	0	0	0	3
103	430	0	1.17385895	-2.14138667e-09	-9.54639345e-10	-1.22398887e-08	4.11567272e-09	2.62613403e-09	0.000200984646	0	0	0	0	3
104	432	0	1.18525564	-1.98754857e-09	-1.09334892e-09	-1.22398887e-08	2.94905362e-09	2.56633368e-09	0.000200626547	0	0	0	0	3
105	436	0	1.19665233	-2.64228075e-10	-1.1630595e-09	-1.22398887e-08	2.94905362e-09	2.50545121e-09	0.000200981797	0	0	0	0	3
106	439	0	1.20804902	-1.862179e-10	-1.23431568e-09	-1.22398887e-08	2.46663338e-09	2.45584789e-09	0.000200613719	0	0	0	0	3
107	443	0	1.21944571	2.69561946e-11	-1.28917089e-09	-1.22398887e-08	2.46663338e-09	2.40971492e-09	0.000200949474	0	0	0	0	3
108	447	0	1.2308424	8.23181508e-10	-1.32242581e-09	-1.22398887e-08	2.46663338e-09	2.35797215e-09	0.000200692988	0	0	0	0	3
109	450	0	1.24223909	1.5762706e-10	-1.37464042e-09	-1.22398887e-08	2.46663338e-09	2.35253702e-09	0.000200971658	0	0	0	0	3
110	454	0	1.25363578	-5.09343738e-10	-1.42800526e-09	-1.22398887e-08	2.46663338e-09	2.35253702e-09	0.000200612187	0	0	0	0	3
111	457	0	1.26503247	9.27372273e-10	-1.44680036e-09	-1.22398887e-08	2.46663338e-09	2.30144543e-09	0.000201447436	0	0	0	0	3
112	460	0	1.27642915	1.02213156e-08	-1.25533964e-09	-1.22398887e-08	1.02213156e-08	2.23145553e-09	0.000200647184	0	0	0	0	3
113	463	0	1.28782584	9.46258621e-09	-1.08593797e-09	-1.22398887e-08	1.02213156e-08	2.16349036e-09	0.000201474446	0	0	0	0	3
114	466	0	1.29922253	2.26805239e-09	-1.0788258e-09	-1.22398887e-08	1.02213156e-08	2.04408951e-09	0.000200742931	0	0	0	0	3
115	470	0	1.31061922	1.49707525e-09	-1.08524631e-09	-1.22398887e-08	1.02213156e-08	2.00825924e-09	0.000201490877	0	0	0	0	3
116	473	0	1.32201591	2.72064751e-09	-1.07947326e-09	-1.22398887e-08	1.02213156e-08	2.00825924e-09	0.000200660038	0	0	0	0	3
117	477	0	1.3334126	3.98817989e-09	-9.34950372e-10	-1.22398887e-08	1.02213156e-08	1.74568511e-09	0.000201439398	0	0	0	0	3
118	481	0	1.34480929	3.07227013e-09	-7.45508901e-10	-1.22398887e-08	1.02213156e-08	1.74568511e-09	0.000200686538	0	0	0	0	3
119	484	0	1.35620598	2.63291932e-10	-7.50775628e-10	-1.22398887e-08	1.02213156e-08	1.74568511e-09	0.000201454374	0	0	0	0	3
120	487	0	1.36760267	2.78922906e-09	-6.45481949e-10	-1.22398887e-08	1.02213156e-08	1.74568511e-09	0.000200700926	0	0	0	0	3
121	490	0	1.37899935	1.07944978e-10	-5.93116854e-10	-1.22398887e-08	1.02213156e-08	1.70462842e-09	0.000201234976	0	0	0	0	3
122	493	0	1.39039604	-1.81826753e-10	-5.4853988e-10	-1.22398887e-08	1.02213156e-08	1.70462842e-09	0.00020069723	0	0	0	0	3
123	496	0	1.40179273	-3.66070517e-10	-5.35282808e-10	-1.22398887e-08	1.02213156e-08	1.64373856e-09	0.000200818113	0	0	0	0	3
124	499	0	1.41318942	-1.38060536e-10	-4.97848752e-10	-1.22398887e-08	1.02213156e-08	1.51696419e-09	0.000200777212	0	0	0	0	3
125	502	0	1.42458611	-5.30601856e-10	-4.38653748e-10	-1.22398887e-08	1.02213156e-08	1.51696419e-09	0.000201407229	0	0	0	0	3
126	505	0	1.4359828	1.18278312e-10	-4.18605136e-10	-1.22398887e-08	1.02213156e-08	1.51696419e-09	0.000200673729	0	0	0	0	3
127	508	0	1.44737949	-6.11388968e-10	-4.08112691e-10	-1.22398887e-08	1.02213156e-08	1.51696419e-09	0.000201491205	0	0	0	0	3
128	511	0	1.45877618	-3.59892785e-09	-4.97155246e-10	-1.22398887e-08	1.02213156e-08	1.51696419e-09	0.000200649129	0	0	0	0	3
129	514	0	1.47017287	-2.30238415e-10	-5.30640488e-10	-1.22398887e-08	1.02213156e-08	1.51696419e-09	0.000201473596	0	0	0	0	3
130	517	0	1.48156955	-1.42338956e-10	-5.29763851e-10	-1.22398887e-08	1.02213156e-08	1.51696419e-09	0.000200649666	0	0	0	0	3
131	521	0	1.49296624	-5.84156334e-10	-5.38939101e-10	-1.22398887e-08	1.02213156e-08	1.51696419e-09	0.000200972847	0	0	0	0	3
132	524	0	1.50436293	2.46161062e-10	-5.28549548e-10	-1.22398887e-08	1.02213156e-08	1.51696419e-09	0.000200657399	0	0	0	0	3
133	527	0	1.51575962	2.74379667e-10	-5.09715887e-10	-1.22398887e-08	1.02213156e-08	1.4792721e-09	0.000201484669	0	0	0	0	3
134	530	0	1.52715631	-9.31457675e-09	-7.36637347e-10	-1.22398887e-08	1.02213156e-08	1.2585304e-09	0.000200651421	0	0	0	0	3
135	533	0	1.538553	-3.14999278e-10	-5.63662689e-10	-1.22398887e-08	1.02213156e-08	1.18601064e-09	0.000200980913	0	0	0	0	3
136	536	0	1.54994969	-3.64766967e-10	-5.54855052e-10	-1.22398887e-08	1.02213156e-08	1.09748386e-09	0.000200727153	0	0	0	0	3
137	539	0	1.56134638	-4.15903823e-09	-6.42802295e-10	-1.22398887e-08	1.02213156e-08	1.07871628e-09	0.000201380468	0	0	0	0	3
138	543	0	1.57274307	-2.21938286e-10	-6.27154312e-10	-1.22398887e-08	1.02213156e-08	1.03868767e-09	0.00020064981	0	0	0	0	3
139	546	0	1.58413975	-7.74107643e-10	-3.66568379e-10	-9.50225728e-09	1.02213156e-08	1.08023198e-09	0.000200966759	0	0	0	0	3
140	549	0	1.59553644	-3.31596458e-09	-3.13557598e-10	-9.50225728e-09	1.02213156e-08	1.13324276e-09	0.00020062752	0	0	0	0	3
141	552	0	1.60693313	1.08805381e-08	1.49687753e-10	-9.31457675e-09	1.08805381e-08	1.59648811e-09	0.000201459163	0	0	0	0	3
142	555	0	1.61832982	1.39432586e-10	3.34659552e-10	-9.31457675e-09	1.08805381e-08	1.78145991e-09	0.000200729673	0	0	0	0	3
143	558	0	1.62972651	-1.2538422e-10	3.41936331e-10	-9.31457675e-09	1.08805381e-08	1.78873669e-09	0.000200724139	0	0	0	0	3
144	561	0	1.6411232	6.5776485e-10	3.71871402e-10	-9.31457675e-09	1.08805381e-08	1.81867176e-09	0.00020065748	0	0	0	0	3
145	564	0	1.65251989	1.75462731e-10	4.68581697e-10	-9.31457675e-09	1.08805381e-08	1.91538206e-09	0.000201467259	0	0	0	0	3
146	567	0	1.66391658	4.51613972e-10	4.81960231e-10	-9.31457675e-09	1.08805381e-08	1.92876059e-09	0.000200656872	0	0	0	0	3
147	570	0	1.67531327	8.35156394e-10	5.49608937e-10	-9.31457675e-09	1.08805381e-08	1.9964093e-09	0.000200758386	0	0	0	0	3
148	574	0	1.68670995	2.43356156e-09	6.50088713e-10	-9.31457675e-09	1.08805381e-08	2.09688907e-09	0.000200773309	0	0	0	0	3
149	577	0	1.69810664	3.84190414e-09	7.434099e-10	-9.31457675e-09	1.08805381e-08	2.19021026e-09	0.00020086305	0	0	0	0	3
150	580	0	1.70950333	2.4928782e-09	8.04298448e-10	-9.31457675e-09	1.08805381e-08	2.25109881e-09	0.000200816973	0	0	0	0	3
151	583	0	1.72090002	1.2611266e-08	1.09030549e-09	-9.31457675e-09	1.2611266e-08	2.53710585e-09	0.000201542814	0	0	0	0	3
152	586	0	1.73229671	2.82255637e-09	1.13574583e-09	-9.31457675e-09	1.2611266e-08	2.58254619e-09	0.000200718208	0	0	0	0	3
153	589	0	1.7436934	3.94918554e-10	1.14113881e-09	-9.31457675e-09	1.2611266e-08	2.58793917e-09	0.000201245371	0	0	0	0	3
154	592	0	1.75509009	3.02854537e-10	1.15959787e-09	-9.31457675e-09	1.2611266e-08	2.60639823e-09	0.000200825697	0	0	0	0	3
155	595	0	1.76648678	-6.97981887e-10	1.122658e-09	-9.31457675e-09	1.2611266e-08	2.41493751e-09	0.000201458862	0	0	0	0	3
156	598	0	1.77788347	1.07937291e-08	1.1356674e-09	-9.31457675e-09	1.2611266e-08	2.24553583e-09	0.000200747365	0	0	0	0	3
157	601	0	1.78928015	-4.64715799e-10	9.10046898e-10	-9.31457675e-09	1.2611266e-08	2.24484418e-09	0.000201457029	0	0	0	0	3
158	605	0	1.80067684	-1.84779953e-09	8.16504809e-10	-9.31457675e-09	1.2611266e-08	2.24484418e-09	0.000200702388	0	0	0	0	3
159	608	0	1.81207353	-8.99268749e-09	5.7810111e-10	-9.31457675e-09	1.2611266e-08	2.23907113e-09	0.000201023542	0	0	0	0	3
160	611	0	1.82347022	-5.49325349e-11	5.15019745e-10	-9.31457675e-09	1.2611266e-08	2.09454824e-09	0.000200767319	0	0	0	0	3
161	614	0	1.83486691	-3.25725076e-09	3.50350867e-10	-9.31457675e-09	1.2611266e-08	1.91037349e-09	0.000197707237	0	0	0	0	3
162	617	0	1.8462636	-7.73131037e-09	1.04814947e-10	-9.31457675e-09	1.2611266e-08	1.91037349e-09	0.000197388522	0	0	0	0	3
163	620	0	1.85766029	-7.58227562e-10	8.15985945e-11	-9.31457675e-09	1.2611266e-08	1.89623521e-09	0.000197693877	0	0	0	0	3
164	623	0	1.86905698	-5.05012464e-10	6.72946894e-12	-9.31457675e-09	1.2611266e-08	1.89623521e-09	0.000200644215	0	0	0	0	3
165	626	0	1.88045367	-7.34518967e-09	-1.62659955e-10	-9.31457675e-09	1.2611266e-08	1.89623521e-09	0.000197442119	0	0	0	0	3
166	629	0	1.89185035	1.48381181e-10	-1.55155229e-10	-9.31457675e-09	1.2611266e-08	1.89623521e-09	0.0002011527	0	0	0	0	3
167	633	0	1.90324704	-1.90935217e-09	-1.90229812e-10	-9.31457675e-09	1.2611266e-08	1.89623521e-09	0.000197508159	0	0	0	0	3
168	636	0	1.91464373	2.78495318e-10	-1.80762634e-10	-9.31457675e-09	1.2611266e-08	1.89623521e-09	0.000200717013	0	0	0	0	3
169	639	0	1.92604042	-5.31768928e-09	-2.89560075e-10	-9.31457675e-09	1.2611266e-08	1.89623521e-09	0.000197741089	0	0	0	0	3
170	642	0	1.93743711	-2.78620037e-10	-2.98580492e-10	-9.31457675e-09	1.2611266e-08	1.89623521e-09	0.000200727149	0	0	0	0	3
171	645	0	1.9488338	5.39012354e-09	-1.62182481e-10	-9.31457675e-09	1.2611266e-08	1.89623521e-09	0.000197741847	0	0	0	0	3
172	648	0	1.96023049	3.1748428e-10	-7.31731139e-11	-9.31457675e-09	1.2611266e-08	1.89623521e-09	0.000201157419	0	0	0	0	3
173	651	0	1.97162718	-3.12661577e-09	-1.38999872e-10	-9.31457675e-09	1.2611266e-08	1.89623521e-09	0.000197744883	0	0	0	0	3
174	654	0	1.98302387	5.22908665e-10	-1.23880608e-10	-9.31457675e-09	1.2611266e-08	1.89623521e-09	0.000200742661	0	0	0	0	3
175	657	0	1.99442055	-5.28498471e-09	-2.30717616e-10	-9.31457675e-09	1.2611266e-08	1.89623521e-09	0.000198145918	0	0	0	0	3
176	660	0	2.00581724	2.13889681e-10	-2.31451057e-10	-9.31457675e-09	1.2611266e-08	1.89623521e-09	0.000200736328	0	0	0	0	3
177	663	0	2.01721393	6.43710847e-09	-9.13890386e-11	-9.31457675e-09	1.2611266e-08	1.89623521e-09	0.000197751615	0	0	0	0	3
178	666	0	2.02861062	7.09140122e-10	1.36422709e-10	-8.99268749e-09	1.2611266e-08	1.80240016e-09	0.000200763184	0	0	0	0	3
179	669	0	2.04000731	1.79148354e-09	1.84297318e-10	-8.99268749e-09	1.2611266e-08	1.80240016e-09	0.000197925016	0	0	0	0	3
180	672	0	2.051404	7.64590124e-10	2.09964525e-10	-8.99268749e-09	1.2611266e-08	1.80240016e-09	0.000200759662	0	0	0	0	3
181	676	0	2.06280069	-9.96654935e-11	3.02222996e-10	-8.99268749e-09	1.2611266e-08	1.78675218e-09	0.0001977698	0	0	0	0	3
182	679	0	2.07419738	-1.11795662e-10	3.04726238e-10	-8.99268749e-09	1.2611266e-08	1.52616625e-09	0.000200750509	0	0	0	0	3
183	682	0	2.08559407	1.70793605e-08	7.10486878e-10	-8.99268749e-09	1.70793605e-08	1.47315546e-09	0.000197937823	0	0	0	0	3
184	685	0	2.09699075	4.70126218e-10	7.96534396e-10	-8.99268749e-09	1.70793605e-08	1.45817836e-09	0.000200749097	0	0	0	0	3
185	688	0	2.10838744	-1.83337616e-09	5.07581798e-10	-8.99268749e-09	1.70793605e-08	1.45817836e-09	0.000197547043	0	0	0	0	3
186	691	0	2.11978413	1.46785634e-08	8.38016591e-10	-8.99268749e-09	1.70793605e-08	1.45817836e-09	0.000200771888	0	0	0	0	3
187	694	0	2.13118082	-1.29136119e-08	5.47375053e-10	-1.29136119e-08	1.70793605e-08	1.45817836e-09	0.000198169273	0	0	0	0	3
