Iteration	CPUTime	PhysTime	Travels	Value	AvValue	MinValue	MaxValue	Delta	Criteria	PrevAvRefValue	Progress	CriteriaType	CriteriaVarType	CriteriaPercentage
1	17	0	0.0113966889	296.111655	296.111655	296.111655	296.111655	0	0	0	0	0	0	3
2	22	0	0.0227933778	296.117965	296.11481	296.111655	296.117965	0.00315494766	0	0	0	0	0	3
3	26	0	0.0341900666	296.12639	296.11867	296.111655	296.12639	0.00701499958	0	0	0	0	0	3
4	29	0	0.0455867555	296.138076	296.123522	296.111655	296.138076	0.0118665402	0	0	0	0	0	3
5	33	0	0.0569834444	296.154693	296.129756	296.111655	296.154693	0.0181009157	0	0	0	0	0	3
6	37	0	0.0683801333	296.178577	296.137893	296.111655	296.178577	0.0262377739	0	0	0	0	0	3
7	41	0	0.0797768222	296.212819	296.148597	296.111655	296.212819	0.0369414904	0	0	0	0	0	3
8	45	0	0.0911735111	296.261187	296.16267	296.111655	296.261187	0.0510152996	0	0	0	0	0	3
9	48	0	0.1025702	296.327976	296.181038	296.111655	296.327976	0.0693825957	0	0	0	0	0	3
10	52	0	0.113966889	296.417253	296.204659	296.111655	296.417253	0.0930041059	0	0	0	0	0	3
11	57	0	0.125363578	299.943381	296.544543	296.111655	299.943381	0.432887883	0	0	0	0	0	3
12	61	0	0.136760267	300.991966	296.915162	296.111655	300.991966	0.803506473	0	0	0	0	0	3
13	65	0	0.148156955	301.28159	297.251041	296.111655	301.28159	1.13938555	0	0	0	0	0	3
14	69	0	0.159553644	301.48614	297.553548	296.111655	301.48614	1.44189262	0	0	0	0	0	3
15	73	0	0.170950333	301.689133	297.829253	296.111655	301.689133	1.71759833	0	0	0	0	0	3
16	78	0	0.182347022	301.999386	298.089887	296.111655	301.999386	1.97823163	0	0	0	0	0	3
17	82	0	0.193743711	302.264955	298.335479	296.111655	302.264955	2.2238239	0	0	0	0	0	3
18	86	0	0.2051404	302.518187	298.567852	296.111655	302.518187	2.45619656	0	0	0	0	0	3
19	89	0	0.216537089	302.749582	298.787943	296.111655	302.749582	2.67628761	0	0	0	0	0	3
20	94	0	0.227933778	302.961211	298.996606	296.111655	302.961211	2.88495101	0	0	0	0	0	3
21	97	0	0.239330467	303.299263	299.201494	296.111655	303.299263	3.08983942	0	0	0	0	0	3
22	100	0	0.250727155	303.594928	299.401196	296.111655	303.594928	3.28954093	0	0	0	0	0	3
23	104	0	0.262123844	303.871614	299.595562	296.111655	303.871614	3.48390695	0	0	0	0	0	3
24	107	0	0.273520533	304.139683	299.7849	296.111655	304.139683	3.67324533	0	0	0	0	0	3
25	110	0	0.284917222	304.395617	299.969329	296.111655	304.395617	3.857674	0	0	0	0	0	3
26	113	0	0.296313911	304.77541	300.154178	296.111655	304.77541	4.04252325	0	0	0	0	0	3
27	117	0	0.3077106	305.098936	300.337317	296.111655	305.098936	4.22566243	0	0	0	0	0	3
28	121	0	0.319107289	305.399575	300.518112	296.111655	305.399575	4.40645733	0	0	0	0	0	3
29	126	0	0.330503978	305.684071	300.696249	296.111655	305.684071	4.58459382	0	0	0	0	0	3
30	129	0	0.341900666	305.941679	300.871097	296.111655	305.941679	4.7594415	0	0	0	0	0	3
31	133	0	0.353297355	306.295569	301.04608	296.111655	306.295569	4.93442447	0	0	0	0	0	3
32	137	0	0.364694044	306.597787	301.21957	296.111655	306.597787	5.10791531	0	0	0	0	0	3
33	141	0	0.376090733	306.878842	301.391063	296.111655	306.878842	5.2794084	0	0	0	0	0	3
34	144	0	0.387487422	307.137526	301.560077	296.111655	307.137526	5.44842201	0	0	0	0	0	3
35	148	0	0.398884111	307.35893	301.725759	296.111655	307.35893	5.61410354	0	0	0	0	0	3
36	152	0	0.4102808	307.649645	301.890311	296.111655	307.649645	5.77865593	0	0	0	0	0	3
37	155	0	0.421677489	307.897286	302.052662	296.111655	307.897286	5.94100659	0	0	0	0	0	3
38	159	0	0.433074178	308.133644	302.212688	296.111655	308.133644	6.10103245	0	0	0	0	0	3
39	162	0	0.444470866	308.367331	302.370499	296.111655	308.367331	6.25884381	0	0	0	0	0	3
40	165	0	0.455867555	308.575918	302.525634	296.111655	308.575918	6.41397929	0	0	0	0	0	3
41	169	0	0.467264244	308.864952	302.680252	296.111655	308.864952	6.5685968	0	0	0	0	0	3
42	173	0	0.478660933	309.143697	302.834143	296.111655	309.143697	6.72248835	0	0	0	0	0	3
43	176	0	0.490057622	309.383177	302.986447	296.111655	309.383177	6.87479145	0	0	0	0	0	3
44	180	0	0.501454311	309.648976	303.137868	296.111655	309.648976	7.02621257	0	0	0	0	0	3
45	183	0	0.512851	309.890988	303.451034	296.117965	309.890988	7.33622429	0	0	0	0	0	3
46	186	0	0.524247689	310.117579	303.769207	296.12639	310.117579	7.65053728	0	0	0	0	0	3
47	189	0	0.535644377	310.355605	304.092599	296.138076	310.355605	7.96907699	0	0	0	0	0	3
48	192	0	0.547041066	310.574304	304.420695	296.154693	310.574304	8.2909387	0	0	0	0	0	3
49	196	0	0.558437755	310.815142	304.753887	296.178577	310.815142	8.61599384	0	0	0	0	0	3
50	199	0	0.569834444	311.044003	305.091737	296.212819	311.044003	8.94314072	0	0	0	0	0	3
51	202	0	0.581231133	311.247224	305.433428	296.261187	311.247224	9.27075794	0	0	0	0	0	3
52	206	0	0.592627822	311.437071	305.778335	296.327976	311.437071	9.5972971	0	0	0	0	0	3
53	210	0	0.604024511	311.623254	306.125955	296.417253	311.623254	9.92129553	0	0	0	0	0	3
54	213	0	0.6154212	311.802783	306.475626	299.943381	311.802783	9.9310829	0	0	0	0	0	3
55	216	0	0.626817889	311.967178	306.748894	300.991966	311.967178	9.83373242	0	0	0	0	0	3
56	219	0	0.638214577	312.128573	307.001999	301.28159	312.128573	9.75095804	0	0	0	0	0	3
57	222	0	0.649611266	312.28055	307.251975	301.48614	312.28055	9.69842734	0	0	0	0	0	3
58	224	0	0.661007955	312.426321	307.500616	301.689133	312.426321	9.67136212	0	0	0	0	0	3
59	227	0	0.672404644	312.563068	307.74775	301.999386	312.563068	9.65786369	0	0	0	0	0	3
60	230	0	0.683801333	312.695432	307.990842	302.264955	312.695432	9.65536338	0	0	0	0	0	3
61	295	0	0.695198022	312.819468	308.230718	302.518187	312.819468	9.662866	0	0	0	0	0	3
62	298	0	0.706594711	312.944247	308.467674	302.749582	312.944247	9.67973086	0	0	0	0	0	3
63	302	0	0.7179914	313.062659	308.702062	302.961211	313.062659	9.70545558	0	0	0	0	0	3
64	305	0	0.729388088	313.182427	308.934362	303.299263	313.182427	9.73286753	0	0	0	0	0	3
65	308	0	0.740784777	313.308494	309.161845	303.594928	313.308494	9.71356645	0	0	0	0	0	3
66	311	0	0.752181466	313.414165	309.385009	303.871614	313.414165	9.542551	0	0	0	0	0	3
67	314	0	0.763578155	313.516318	309.604207	304.139683	313.516318	9.37663509	0	0	0	0	0	3
68	317	0	0.774974844	313.612937	309.819508	304.395617	313.612937	9.21731965	0	0	0	0	0	3
69	320	0	0.786371533	313.702615	310.031031	304.77541	313.702615	8.92720521	0	0	0	0	0	3
70	323	0	0.797768222	313.791213	310.235935	305.098936	313.791213	8.69227709	0	0	0	0	0	3
71	325	0	0.809164911	313.878447	310.43547	305.399575	313.878447	8.47887229	0	0	0	0	0	3
72	328	0	0.820561599	313.970153	310.630256	305.684071	313.970153	8.286082	0	0	0	0	0	3
73	331	0	0.831958288	314.051614	310.820427	305.941679	314.051614	8.10993488	0	0	0	0	0	3
74	334	0	0.843354977	314.1375	311.006696	306.295569	314.1375	7.84193143	0	0	0	0	0	3
75	338	0	0.854751666	314.215879	311.186703	306.597787	314.215879	7.61809246	0	0	0	0	0	3
76	342	0	0.866148355	314.296463	311.361673	306.878842	314.296463	7.4176205	0	0	0	0	0	3
77	345	0	0.877545044	314.367513	311.53187	307.137526	314.367513	7.22998728	0	0	0	0	0	3
78	348	0	0.888941733	314.442976	311.697903	307.35893	314.442976	7.08404517	0	0	0	0	0	3
79	352	0	0.900338422	314.515385	311.860549	307.649645	314.515385	6.86574058	0	0	0	0	0	3
80	356	0	0.911735111	314.592026	312.018331	307.897286	314.592026	6.69474084	0	0	0	0	0	3
81	360	0	0.923131799	314.656853	312.171957	308.133644	314.656853	6.52320902	0	0	0	0	0	3
82	363	0	0.934528488	314.731848	312.321916	308.367331	314.731848	6.36451717	0	0	0	0	0	3
83	367	0	0.945925177	314.807037	312.468273	308.575918	314.807037	6.2311184	0	0	0	0	0	3
84	370	0	0.957321866	314.873511	312.611401	308.864952	314.873511	6.00855904	0	0	0	0	0	3
85	374	0	0.968718555	314.949532	312.749686	309.143697	314.949532	5.80583467	0	0	0	0	0	3
86	377	0	0.980115244	315.012925	312.883078	309.383177	315.012925	5.62974849	0	0	0	0	0	3
87	381	0	0.991511933	315.083025	313.01262	309.648976	315.083025	5.43404953	0	0	0	0	0	3
88	385	0	1.00290862	315.146602	313.137566	309.890988	315.146602	5.25561349	0.570606346	0	0	0	0	3
89	389	0	1.01430531	315.210743	313.25847	310.117579	315.210743	5.0931647	0.5725306	0	0	0	0	3
90	392	0	1.025702	315.283975	313.375888	310.355605	315.283975	4.92837004	0.573629077	0	0	0	0	3
91	395	0	1.03709869	315.34573	313.4893	310.574304	315.34573	4.7714265	0.574495927	0	0	0	0	3
92	398	0	1.04849538	315.394998	313.598861	310.815142	315.394998	4.57985667	0.575174231	0	0	0	0	3
93	401	0	1.05989207	315.455111	313.704315	311.044003	315.455111	4.41110765	0.575798589	0	0	0	0	3
94	404	0	1.07128875	315.502973	313.805655	311.247224	315.502973	4.2557495	0.576282929	0	0	0	0	3
95	407	0	1.08268544	315.554624	313.90355	311.437071	315.554624	4.11755241	0.576642953	0	0	0	0	3
96	410	0	1.09408213	315.617129	313.998552	311.623254	315.617129	3.99387494	0.576896906	0	0	0	0	3
97	413	0	1.10547882	315.658768	314.090268	311.802783	315.658768	3.85598479	0.576935633	0	0	0	0	3
98	414	0	1.11687551	315.706758	314.178995	311.967178	315.706758	3.73958008	0.570606346	0	0	0	0	3
99	417	0	1.1282722	315.745193	314.264859	312.128573	315.745193	3.61662067	0.570606346	0	0	0	0	3
100	419	0	1.13966889	315.801231	314.348328	312.28055	315.801231	3.52068088	0.570606346	0	0	0	0	3
101	422	0	1.15106558	315.838165	314.429183	312.426321	315.838165	3.41184343	0.570606346	0	0	0	0	3
102	424	0	1.16246227	315.882275	314.507727	312.563068	315.882275	3.31920787	0.570606346	0	0	0	0	3
103	430	0	1.17385895	315.917239	314.583959	312.695432	315.917239	3.22180664	0.570606346	0	0	0	0	3
104	432	0	1.18525564	315.950809	314.657944	312.819468	315.950809	3.13134158	0.570606346	0	0	0	0	3
105	436	0	1.19665233	315.986663	314.729926	312.944247	315.986663	3.04241641	0.570606346	0	0	0	0	3
106	439	0	1.20804902	316.021707	314.799868	313.062659	316.021707	2.95904775	0.570606346	0	0	0	0	3
107	443	0	1.21944571	316.051462	314.867796	313.182427	316.051462	2.86903561	0.570606346	0	0	0	0	3
108	447	0	1.2308424	316.091832	314.933919	313.308494	316.091832	2.78333824	0.570606346	0	0	0	0	3
109	450	0	1.24223909	316.127463	314.997986	313.414165	316.127463	2.71329749	0.570606346	0	0	0	0	3
110	454	0	1.25363578	316.158971	315.060368	313.516318	316.158971	2.64265272	0.570606346	0	0	0	0	3
111	457	0	1.26503247	316.188892	315.121108	313.612937	316.188892	2.57595516	0.570606346	0	0	0	0	3
112	460	0	1.27642915	316.220235	315.180365	313.702615	316.220235	2.51761999	0.570606346	0	0	0	0	3
113	463	0	1.28782584	316.251843	315.238302	313.791213	316.251843	2.46063025	0.570606346	0	0	0	0	3
114	466	0	1.29922253	316.284199	315.294961	313.878447	316.284199	2.40575189	0.570606346	0	0	0	0	3
115	470	0	1.31061922	316.315203	315.350342	313.970153	316.315203	2.3450504	0.570606346	0	0	0	0	3
116	473	0	1.32201591	316.342579	315.40426	314.051614	316.342579	2.29096502	0.570606346	0	0	0	0	3
117	477	0	1.3334126	316.371153	315.456977	314.1375	316.371153	2.23365347	0.570606346	0	0	0	0	3
118	481	0	1.34480929	316.398484	315.508363	314.215879	316.398484	2.18260451	0.570606346	0	0	0	0	3
119	484	0	1.35620598	316.422398	315.558511	314.296463	316.422398	2.12593502	0.570606346	0	0	0	0	3
120	487	0	1.36760267	316.447304	315.607394	314.367513	316.447304	2.07979075	0.570606346	0	0	0	0	3
121	490	0	1.37899935	316.449681	315.654716	314.442976	316.449681	2.00670543	0.570606346	0	0	0	0	3
122	493	0	1.39039604	316.49429	315.701337	314.515385	316.49429	1.97890488	0.570606346	0	0	0	0	3
123	496	0	1.40179273	316.499775	315.746437	314.592026	316.499775	1.90774875	0.570606346	0	0	0	0	3
124	499	0	1.41318942	316.540866	315.790729	314.656853	316.540866	1.8840128	0.570606346	0	0	0	0	3
125	502	0	1.42458611	316.541236	315.833555	314.731848	316.541236	1.80938827	0.570606346	0	0	0	0	3
126	505	0	1.4359828	316.577815	315.875509	314.807037	316.577815	1.77077798	0.570606346	0	0	0	0	3
127	508	0	1.44737949	316.581787	315.915844	314.873511	316.581787	1.70827612	0.570606346	0	0	0	0	3
128	511	0	1.45877618	316.616895	315.955467	314.949532	316.616895	1.66736366	0.570606346	0	0	0	0	3
129	514	0	1.47017287	316.617659	315.993379	315.012925	316.617659	1.60473363	0.570606346	0	0	0	0	3
130	517	0	1.48156955	316.650906	316.030606	315.083025	316.650906	1.56788051	0.570606346	0	0	0	0	3
131	521	0	1.49296624	316.676322	316.066817	315.146602	316.676322	1.52972039	0.570606346	0	0	0	0	3
132	524	0	1.50436293	316.697634	316.102068	315.210743	316.697634	1.48689089	0.570606346	0	0	0	0	3
133	527	0	1.51575962	316.715374	316.136264	315.283975	316.715374	1.43139855	0.570606346	0	0	0	0	3
134	530	0	1.52715631	316.735922	316.169263	315.34573	316.735922	1.39019152	0.570606346	0	0	0	0	3
135	533	0	1.538553	316.750192	316.201182	315.394998	316.750192	1.35519374	0.570606346	0	0	0	0	3
136	536	0	1.54994969	316.768987	316.232409	315.455111	316.768987	1.31387586	0.570606346	0	0	0	0	3
137	539	0	1.56134638	316.7852	316.262638	315.502973	316.7852	1.28222707	0.570606346	0	0	0	0	3
138	543	0	1.57274307	316.801723	316.292156	315.554624	316.801723	1.24709934	0.570606346	0	0	0	0	3
139	546	0	1.58413975	316.802398	316.320514	315.617129	316.802398	1.18526959	0.570606346	0	0	0	0	3
140	549	0	1.59553644	316.84225	316.348358	315.658768	316.84225	1.18348259	0.570606346	0	0	0	0	3
141	552	0	1.60693313	316.859899	316.375656	315.706758	316.859899	1.15314147	0.570606346	0	0	0	0	3
142	555	0	1.61832982	316.883605	316.402403	315.745193	316.883605	1.13841195	0.570606346	0	0	0	0	3
143	558	0	1.62972651	316.899138	316.428629	315.801231	316.899138	1.09790721	0.570606346	0	0	0	0	3
144	561	0	1.6411232	316.913014	316.453897	315.838165	316.913014	1.07484954	0.570606346	0	0	0	0	3
145	564	0	1.65251989	316.926359	316.478628	315.882275	316.926359	1.04408374	0.570606346	0	0	0	0	3
146	567	0	1.66391658	316.942687	316.502728	315.917239	316.942687	1.02544845	0.570606346	0	0	0	0	3
147	570	0	1.67531327	316.958903	316.526403	315.950809	316.958903	1.0080935	0.570606346	0	0	0	0	3
148	574	0	1.68670995	316.973104	316.549637	315.986663	316.973104	0.986440756	0.570606346	0	0	0	0	3
149	577	0	1.69810664	316.985364	316.572334	316.021707	316.985364	0.96365772	0.570606346	0	0	0	0	3
150	580	0	1.70950333	316.996708	316.594494	316.051462	316.996708	0.945245801	0.570606346	0	0	0	0	3
151	583	0	1.72090002	317.001943	316.616095	316.091832	317.001943	0.910110541	0.570606346	0	0	0	0	3
152	586	0	1.73229671	317.013064	316.637032	316.127463	317.013064	0.885600841	0.570606346	0	0	0	0	3
153	589	0	1.7436934	317.021465	316.657351	316.158971	317.021465	0.86249374	0.570606346	0	0	0	0	3
154	592	0	1.75509009	317.03294	316.677214	316.188892	317.03294	0.844047894	0.570606346	0	0	0	0	3
155	595	0	1.76648678	317.035463	316.696454	316.220235	317.035463	0.815228152	0.570606346	0	0	0	0	3
156	598	0	1.77788347	317.04495	316.715197	316.251843	317.04495	0.793107004	0.570606346	0	0	0	0	3
157	601	0	1.78928015	317.025343	316.732777	316.284199	317.04495	0.760751578	0.570606346	0	0	0	0	3
158	605	0	1.80067684	317.031399	316.749759	316.315203	317.04495	0.729747559	0.570606346	0	0	0	0	3
159	608	0	1.81207353	317.052599	316.766518	316.342579	317.052599	0.710019769	0.570606346	0	0	0	0	3
160	611	0	1.82347022	317.066196	316.782964	316.371153	317.066196	0.695042169	0.570606346	0	0	0	0	3
161	614	0	1.83486691	317.071399	316.798878	316.398484	317.071399	0.672915464	0.570606346	0	0	0	0	3
162	617	0	1.8462636	317.078369	316.81433	316.422398	317.078369	0.655970953	0.570606346	0	0	0	0	3
163	620	0	1.85766029	317.081979	316.829321	316.447304	317.081979	0.634675052	0.570606346	0	0	0	0	3
164	623	0	1.86905698	317.089811	316.843923	316.449681	317.089811	0.640130048	0.570606346	0	0	0	0	3
165	626	0	1.88045367	317.091236	316.858504	316.49429	317.091236	0.596945795	0.570606346	0	0	0	0	3
166	629	0	1.89185035	317.097726	316.872218	316.499775	317.097726	0.59795079	0.570606346	0	0	0	0	3
167	633	0	1.90324704	317.099473	316.885848	316.540866	317.099473	0.558607331	0.570606346	0	0	0	0	3
168	636	0	1.91464373	317.106002	316.898692	316.541236	317.106002	0.564765883	0.570606346	0	0	0	0	3
169	639	0	1.92604042	317.108071	316.911574	316.577815	317.108071	0.530256254	0.570606346	0	0	0	0	3
170	642	0	1.93743711	317.112397	316.923724	316.581787	317.112397	0.530609774	0.570606346	0	0	0	0	3
171	645	0	1.9488338	317.112591	316.935788	316.616895	317.112591	0.495695856	0.570606346	0	0	0	0	3
172	648	0	1.96023049	317.117199	316.947158	316.617659	317.117199	0.499540522	0.570606346	0	0	0	0	3
173	651	0	1.97162718	317.125022	316.958689	316.650906	317.125022	0.474115624	0.570606346	0	0	0	0	3
174	654	0	1.98302387	317.130933	316.969599	316.676322	317.130933	0.454611189	0.570606346	0	0	0	0	3
175	657	0	1.99442055	317.134151	316.980004	316.697634	317.134151	0.436516732	0.570606346	0	0	0	0	3
176	660	0	2.00581724	317.138058	316.990014	316.715374	317.138058	0.422683689	0.570606346	0	0	0	0	3
177	663	0	2.01721393	317.142173	316.999714	316.735922	317.142173	0.406251284	0.570606346	0	0	0	0	3
178	666	0	2.02861062	317.149618	317.009116	316.750192	317.149618	0.399425881	0.570606346	0	0	0	0	3
179	669	0	2.04000731	317.156117	317.018342	316.768987	317.156117	0.387130168	0.570606346	0	0	0	0	3
180	672	0	2.051404	317.160866	317.027248	316.7852	317.160866	0.375665378	0.570606346	0	0	0	0	3
181	676	0	2.06280069	317.163483	317.035845	316.801723	317.163483	0.361760181	0.570606346	0	0	0	0	3
182	679	0	2.07419738	317.16346	317.044066	316.802398	317.163483	0.361084999	0.570606346	0	0	0	0	3
183	682	0	2.08559407	317.164223	317.05229	316.84225	317.164223	0.321972884	0.570606346	0	0	0	0	3
184	685	0	2.09699075	317.166325	317.059655	316.859899	317.166325	0.306425295	0.570606346	0	0	0	0	3
185	688	0	2.10838744	317.164429	317.066576	316.883605	317.166325	0.282719544	0.570606346	0	0	0	0	3
186	691	0	2.11978413	317.160999	317.072881	316.899138	317.166325	0.267187003	0.570606346	0	0	0	0	3
187	694	0	2.13118082	317.156621	317.078733	316.913014	317.166325	0.253310618	0.570606346	0	0	0	0	3
