Iteration	CPUTime	PhysTime	Travels	Value	AvValue	MinValue	MaxValue	Delta	Criteria	PrevAvRefValue	Progress	CriteriaType	CriteriaVarType	CriteriaPercentage
1	17	0	0.0113966889	7.34120465	7.34120465	7.34120465	7.34120465	0	0	0	0	0	0	3
2	22	0	0.0227933778	6.52583505	6.93351985	6.52583505	7.34120465	0.4076848	0	0	0	0	0	3
3	26	0	0.0341900666	5.69600094	6.52101355	5.69600094	7.34120465	0.820191105	0	0	0	0	0	3
4	29	0	0.0455867555	5.50024674	6.26582185	5.50024674	7.34120465	1.07538281	0	0	0	0	0	3
5	33	0	0.0569834444	5.39379142	6.09141576	5.39379142	7.34120465	1.24978889	0	0	0	0	0	3
6	37	0	0.0683801333	5.27502584	5.95535077	5.27502584	7.34120465	1.38585388	0	0	0	0	0	3
7	41	0	0.0797768222	5.14161666	5.83910304	5.14161666	7.34120465	1.50210161	0	0	0	0	0	3
8	45	0	0.0911735111	5.10543897	5.74739503	5.10543897	7.34120465	1.59380962	0	0	0	0	0	3
9	48	0	0.1025702	5.14529279	5.68049479	5.10543897	7.34120465	1.66070987	0	0	0	0	0	3
10	52	0	0.113966889	5.29412013	5.64185732	5.10543897	7.34120465	1.69934733	0	0	0	0	0	3
11	57	0	0.125363578	12.9983748	6.31063164	5.10543897	12.9983748	1.69934733	0	0	0	0	0	3
12	61	0	0.136760267	14.4565397	6.98945731	5.10543897	14.4565397	1.69934733	0	0	0	0	0	3
13	65	0	0.148156955	14.442154	7.56274167	5.10543897	14.4565397	1.92088435	0	0	0	0	0	3
14	69	0	0.159553644	14.3518227	8.04767602	5.10543897	14.4565397	2.4058187	0	0	0	0	0	3
15	73	0	0.170950333	14.2656225	8.46220579	5.10543897	14.4565397	2.82034847	0	0	0	0	0	3
16	78	0	0.182347022	14.163124	8.81851317	5.10543897	14.4565397	3.17665585	0	0	0	0	0	3
17	82	0	0.193743711	14.0718867	9.12753515	5.10543897	14.4565397	3.48567783	0	0	0	0	0	3
18	86	0	0.2051404	13.9994428	9.39819668	5.10543897	14.4565397	3.75633936	0	0	0	0	0	3
19	89	0	0.216537089	13.9428133	9.63738703	5.10543897	14.4565397	3.99552971	0	0	0	0	0	3
20	94	0	0.227933778	13.8863745	9.8498364	5.10543897	14.4565397	4.20797908	0	0	0	0	0	3
21	97	0	0.239330467	13.8368368	10.0396936	5.10543897	14.4565397	4.39783625	0	0	0	0	0	3
22	100	0	0.250727155	13.7859122	10.2099762	5.10543897	14.4565397	4.56811891	0	0	0	0	0	3
23	104	0	0.262123844	13.7726767	10.3648763	5.10543897	14.4565397	4.72301893	0	0	0	0	0	3
24	107	0	0.273520533	13.7244417	10.5048581	5.10543897	14.4565397	4.86300082	0	0	0	0	0	3
25	110	0	0.284917222	13.6919789	10.632343	5.10543897	14.4565397	4.99048566	0	0	0	0	0	3
26	113	0	0.296313911	13.7095924	10.7506987	5.10543897	14.4565397	5.1088414	0	0	0	0	0	3
27	117	0	0.3077106	13.766432	10.8623925	5.10543897	14.4565397	5.22053523	0	0	0	0	0	3
28	121	0	0.319107289	13.7529959	10.9656284	5.10543897	14.4565397	5.32377106	0	0	0	0	0	3
29	126	0	0.330503978	13.7923837	11.0631027	5.10543897	14.4565397	5.42124538	0	0	0	0	0	3
30	129	0	0.341900666	13.8506373	11.1560205	5.10543897	14.4565397	5.5141632	0	0	0	0	0	3
31	133	0	0.353297355	13.9153322	11.2450306	5.10543897	14.4565397	5.60317326	0	0	0	0	0	3
32	137	0	0.364694044	13.9280153	11.3288739	5.10543897	14.4565397	5.68701653	0	0	0	0	0	3
33	141	0	0.376090733	13.9761465	11.4090942	5.10543897	14.4565397	5.76723692	0	0	0	0	0	3
34	144	0	0.387487422	14.0572991	11.4869826	5.10543897	14.4565397	5.84512529	0	0	0	0	0	3
35	148	0	0.398884111	14.1188922	11.56218	5.10543897	14.4565397	5.92032271	0	0	0	0	0	3
36	152	0	0.4102808	14.1743663	11.6347408	5.10543897	14.4565397	5.99288344	0	0	0	0	0	3
37	155	0	0.421677489	14.2123789	11.7044067	5.10543897	14.4565397	6.06254934	0	0	0	0	0	3
38	159	0	0.433074178	14.2653122	11.7717989	5.10543897	14.4565397	6.12994159	0	0	0	0	0	3
39	162	0	0.444470866	14.3164594	11.8370466	5.10543897	14.4565397	6.19518929	0	0	0	0	0	3
40	165	0	0.455867555	14.371719	11.9004134	5.10543897	14.4565397	6.2585561	0	0	0	0	0	3
41	169	0	0.467264244	14.4247542	11.9619827	5.10543897	14.4565397	6.32012539	0	0	0	0	0	3
42	173	0	0.478660933	14.4790812	12.0219136	5.10543897	14.4790812	6.3800563	0	0	0	0	0	3
43	176	0	0.490057622	14.4956165	12.0794416	5.10543897	14.4956165	6.43758428	0	0	0	0	0	3
44	180	0	0.501454311	14.5004641	12.1344648	5.10543897	14.5004641	6.49260752	0	0	0	0	0	3
45	183	0	0.512851	14.4933838	12.2970144	5.10543897	14.5004641	6.65515704	0	0	0	0	0	3
46	186	0	0.524247689	14.4896933	12.4780111	5.10543897	14.5004641	6.83615382	0	0	0	0	0	3
47	189	0	0.535644377	14.4500728	12.6769673	5.10543897	14.5004641	7.03511	0	0	0	0	0	3
48	192	0	0.547041066	14.4381488	12.8801015	5.10543897	14.5004641	7.23824414	0	0	0	0	0	3
49	196	0	0.558437755	14.4002295	13.0847932	5.10543897	14.5004641	7.44293591	0	0	0	0	0	3
50	199	0	0.569834444	14.3615406	13.2913049	5.10543897	14.5004641	7.64944761	0	0	0	0	0	3
51	202	0	0.581231133	14.3810747	13.5012926	5.10543897	14.5004641	7.8594353	0	0	0	0	0	3
52	206	0	0.592627822	14.3489448	13.7113723	5.14529279	14.5004641	8.06951497	0	0	0	0	0	3
53	210	0	0.604024511	14.3386828	13.920313	5.29412013	14.5004641	8.27845566	0	0	0	0	0	3
54	213	0	0.6154212	14.315787	14.1253509	12.9983748	14.5004641	1.50208932	0	0	0	0	0	3
55	216	0	0.626817889	14.2948495	14.1548162	13.6919789	14.5004641	0.808485208	0	0	0	0	0	3
56	219	0	0.638214577	14.2769548	14.1507347	13.6919789	14.5004641	0.808485208	0	0	0	0	0	3
57	222	0	0.649611266	14.2399424	14.146139	13.6919789	14.5004641	0.808485208	0	0	0	0	0	3
58	224	0	0.661007955	14.2146129	14.1430206	13.6919789	14.5004641	0.808485208	0	0	0	0	0	3
59	227	0	0.672404644	14.1925036	14.1413588	13.6919789	14.5004641	0.808485208	0	0	0	0	0	3
60	230	0	0.683801333	14.1684159	14.1414791	13.6919789	14.5004641	0.808485208	0	0	0	0	0	3
61	295	0	0.695198022	14.1409835	14.1430495	13.6919789	14.5004641	0.808485208	0	0	0	0	0	3
62	298	0	0.706594711	14.1281495	14.1459746	13.6919789	14.5004641	0.808485208	0	0	0	0	0	3
63	302	0	0.7179914	14.0963446	14.149464	13.6919789	14.5004641	0.808485208	0	0	0	0	0	3
64	305	0	0.729388088	14.0983985	14.1542827	13.6919789	14.5004641	0.808485208	0	0	0	0	0	3
65	308	0	0.740784777	14.0559791	14.1592632	13.6919789	14.5004641	0.808485208	0	0	0	0	0	3
66	311	0	0.752181466	14.0561139	14.1654041	13.6919789	14.5004641	0.808485208	0	0	0	0	0	3
67	314	0	0.763578155	14.0034139	14.1706482	13.6919789	14.5004641	0.808485208	0	0	0	0	0	3
68	317	0	0.774974844	14.0010844	14.1769355	13.6919789	14.5004641	0.808485208	0	0	0	0	0	3
69	320	0	0.786371533	13.9541686	14.1828944	13.7095924	14.5004641	0.790871684	0	0	0	0	0	3
70	323	0	0.797768222	13.9350783	14.188019	13.7529959	14.5004641	0.747468271	0	0	0	0	0	3
71	325	0	0.809164911	13.9162831	14.1914247	13.7529959	14.5004641	0.747468271	0	0	0	0	0	3
72	328	0	0.820561599	13.9034751	14.1948447	13.7923837	14.5004641	0.708080384	0	0	0	0	0	3
73	331	0	0.831958288	13.9093655	14.1975034	13.8506373	14.5004641	0.64982681	0	0	0	0	0	3
74	334	0	0.843354977	13.8822336	14.1982215	13.8822336	14.5004641	0.618230502	0	0	0	0	0	3
75	338	0	0.854751666	13.8822393	14.1974694	13.8822336	14.5004641	0.618230502	0	0	0	0	0	3
76	342	0	0.866148355	13.8743507	14.1962497	13.8743507	14.5004641	0.626113441	0	0	0	0	0	3
77	345	0	0.877545044	13.8758058	14.1939693	13.8743507	14.5004641	0.626113441	0	0	0	0	0	3
78	348	0	0.888941733	13.8782768	14.1899006	13.8743507	14.5004641	0.626113441	0	0	0	0	0	3
79	352	0	0.900338422	13.8716201	14.1842808	13.8716201	14.5004641	0.628844024	0	0	0	0	0	3
80	356	0	0.911735111	13.8507853	14.1769266	13.8507853	14.5004641	0.649678853	0	0	0	0	0	3
81	360	0	0.923131799	13.8414299	14.168496	13.8414299	14.5004641	0.659034233	0	0	0	0	0	3
82	363	0	0.934528488	13.8341293	14.1586964	13.8341293	14.5004641	0.666334865	0	0	0	0	0	3
83	367	0	0.945925177	13.8204904	14.1474244	13.8204904	14.5004641	0.679973677	0	0	0	0	0	3
84	370	0	0.957321866	13.821084	14.1349099	13.8204904	14.5004641	0.679973677	0	0	0	0	0	3
85	374	0	0.968718555	13.800017	14.1207114	13.800017	14.5004641	0.700447089	0	0	0	0	0	3
86	377	0	0.980115244	13.8094637	14.1054928	13.800017	14.5004641	0.700447089	0	0	0	0	0	3
87	381	0	0.991511933	13.7870822	14.0893897	13.7870822	14.5004641	0.713381929	0	0	0	0	0	3
88	385	0	1.00290862	13.774793	14.0728972	13.774793	14.4933838	0.718590793	0.281850754	0	0	0	0	3
89	389	0	1.01430531	13.7532735	14.0560765	13.7532735	14.4896933	0.736419809	0.281850754	0	0	0	0	3
90	392	0	1.025702	13.7489587	14.0392416	13.7489587	14.4500728	0.701114089	0.281850754	0	0	0	0	3
91	395	0	1.03709869	13.7330824	14.0229464	13.7330824	14.4381488	0.70506634	0.281850754	0	0	0	0	3
92	398	0	1.04849538	13.7349919	14.0069656	13.7330824	14.4002295	0.667147036	0.281850754	0	0	0	0	3
93	401	0	1.05989207	13.7178824	13.9914577	13.7178824	14.3810747	0.66319229	0.281850754	0	0	0	0	3
94	404	0	1.07128875	13.7180238	13.9768323	13.7178824	14.3810747	0.66319229	0.281850754	0	0	0	0	3
95	407	0	1.08268544	13.701862	13.9613956	13.701862	14.3489448	0.486849211	0.281850754	0	0	0	0	3
96	410	0	1.09408213	13.7171212	13.947036	13.701862	14.3386828	0.277908529	0.281850754	0	0	0	0	3
97	413	0	1.10547882	13.6760805	13.9319769	13.6760805	14.315787	0.266244642	0.281850754	0	0	0	0	3
98	414	0	1.11687551	13.6934387	13.9178326	13.6760805	14.2948495	0.280388921	0.281850754	0	0	0	0	3
99	417	0	1.1282722	13.6681992	13.9035905	13.6681992	14.2769548	0.294630973	0.281850754	0	0	0	0	3
100	419	0	1.13966889	13.6783459	13.8899858	13.6681992	14.2399424	0.308235722	0.281850754	0	0	0	0	3
101	422	0	1.15106558	13.6528671	13.8766432	13.6528671	14.2146129	0.321578343	0.281850754	0	0	0	0	3
102	424	0	1.16246227	13.6535797	13.8638924	13.6528671	14.1925036	0.334329098	0.281850754	0	0	0	0	3
103	430	0	1.17385895	13.6220494	13.8509275	13.6220494	14.1684159	0.347293967	0.281850754	0	0	0	0	3
104	432	0	1.18525564	13.6339773	13.8387812	13.6220494	14.1409835	0.359440299	0.281850754	0	0	0	0	3
105	436	0	1.19665233	13.6094935	13.8267019	13.6094935	14.1281495	0.371519617	0.281850754	0	0	0	0	3
106	439	0	1.20804902	13.6071043	13.8148599	13.6071043	14.0983985	0.383361555	0.281850754	0	0	0	0	3
107	443	0	1.21944571	13.5771056	13.8030591	13.5771056	14.0983985	0.395162443	0.281850754	0	0	0	0	3
108	447	0	1.2308424	13.6060699	13.7918698	13.5771056	14.0561139	0.40635173	0.281850754	0	0	0	0	3
109	450	0	1.24223909	13.5697938	13.7808201	13.5697938	14.0561139	0.417401394	0.281850754	0	0	0	0	3
110	454	0	1.25363578	13.5918848	13.7702694	13.5697938	14.0034139	0.427952055	0.281850754	0	0	0	0	3
111	457	0	1.26503247	13.5553469	13.7600861	13.5553469	14.0010844	0.438135397	0.281850754	0	0	0	0	3
112	460	0	1.27642915	13.564558	13.7501651	13.5553469	13.9541686	0.39882174	0.281850754	0	0	0	0	3
113	463	0	1.28782584	13.5293603	13.7405103	13.5293603	13.9350783	0.405718035	0.281850754	0	0	0	0	3
114	466	0	1.29922253	13.5650133	13.7320997	13.5293603	13.9162831	0.38692278	0.281850754	0	0	0	0	3
115	470	0	1.31061922	13.5209491	13.7231149	13.5209491	13.9093655	0.388416334	0.281850754	0	0	0	0	3
116	473	0	1.32201591	13.5276074	13.7145724	13.5209491	13.9093655	0.388416334	0.281850754	0	0	0	0	3
117	477	0	1.3334126	13.5233844	13.7058001	13.5209491	13.8822393	0.361290142	0.281850754	0	0	0	0	3
118	481	0	1.34480929	13.5296686	13.6977873	13.5209491	13.8822393	0.361290142	0.281850754	0	0	0	0	3
119	484	0	1.35620598	13.5139787	13.6894177	13.5139787	13.8782768	0.364298124	0.281850754	0	0	0	0	3
120	487	0	1.36760267	13.5067481	13.6810631	13.5067481	13.8782768	0.371528706	0.281850754	0	0	0	0	3
121	490	0	1.37899935	13.5314112	13.673236	13.5067481	13.8782768	0.371528706	0.281850754	0	0	0	0	3
122	493	0	1.39039604	13.5330429	13.6653898	13.5067481	13.8716201	0.364871987	0.281850754	0	0	0	0	3
123	496	0	1.40179273	13.5137694	13.6572568	13.5067481	13.8507853	0.344037158	0.281850754	0	0	0	0	3
124	499	0	1.41318942	13.516696	13.6496639	13.5067481	13.8414299	0.334681779	0.281850754	0	0	0	0	3
125	502	0	1.42458611	13.5143668	13.6422306	13.5067481	13.8341293	0.327381146	0.281850754	0	0	0	0	3
126	505	0	1.4359828	13.5169112	13.6350211	13.5067481	13.821084	0.314335934	0.281850754	0	0	0	0	3
127	508	0	1.44737949	13.5051735	13.6278548	13.5051735	13.821084	0.315910585	0.281850754	0	0	0	0	3
128	511	0	1.45877618	13.5188351	13.6209855	13.5051735	13.8094637	0.304290237	0.281850754	0	0	0	0	3
129	514	0	1.47017287	13.5172882	13.6145599	13.5051735	13.8094637	0.304290237	0.281850754	0	0	0	0	3
130	517	0	1.48156955	13.5013453	13.6075572	13.5013453	13.7870822	0.285736899	0.281850754	0	0	0	0	3
131	521	0	1.49296624	13.4733806	13.6004276	13.4733806	13.774793	0.301412401	0.281850754	0	0	0	0	3
132	524	0	1.50436293	13.491919	13.5939986	13.4733806	13.7532735	0.279892866	0.281850754	0	0	0	0	3
133	527	0	1.51575962	13.4705407	13.5875729	13.4705407	13.7489587	0.278418074	0.281850754	0	0	0	0	3
134	530	0	1.52715631	13.4794622	13.581448	13.4705407	13.7349919	0.264451255	0.281850754	0	0	0	0	3
135	533	0	1.538553	13.4607139	13.5752578	13.4607139	13.7349919	0.274278046	0.281850754	0	0	0	0	3
136	536	0	1.54994969	13.4701766	13.5692392	13.4607139	13.7180238	0.25730994	0.281850754	0	0	0	0	3
137	539	0	1.56134638	13.450978	13.5631732	13.450978	13.7180238	0.267045838	0.281850754	0	0	0	0	3
138	543	0	1.57274307	13.4721137	13.5575844	13.450978	13.7171212	0.266143184	0.281850754	0	0	0	0	3
139	546	0	1.58413975	13.4482059	13.5518194	13.4482059	13.7171212	0.268915311	0.281850754	0	0	0	0	3
140	549	0	1.59553644	13.4551282	13.5458651	13.4482059	13.6934387	0.245232834	0.281850754	0	0	0	0	3
141	552	0	1.60693313	13.4158062	13.5399497	13.4158062	13.6934387	0.277632502	0.281850754	0	0	0	0	3
142	555	0	1.61832982	13.4381855	13.5341485	13.4158062	13.6783459	0.262539693	0.281850754	0	0	0	0	3
143	558	0	1.62972651	13.4147237	13.5283877	13.4147237	13.6783459	0.263622183	0.281850754	0	0	0	0	3
144	561	0	1.6411232	13.4275842	13.5226886	13.4147237	13.6535797	0.238856034	0.281850754	0	0	0	0	3
145	564	0	1.65251989	13.4379586	13.5178043	13.4147237	13.6535797	0.238856034	0.281850754	0	0	0	0	3
146	567	0	1.66391658	13.4298519	13.5127196	13.4147237	13.6339773	0.219253637	0.281850754	0	0	0	0	3
147	570	0	1.67531327	13.4329977	13.508423	13.4147237	13.6339773	0.219253637	0.281850754	0	0	0	0	3
148	574	0	1.68670995	13.4471358	13.5041766	13.4147237	13.6094935	0.194769838	0.281850754	0	0	0	0	3
149	577	0	1.69810664	13.4235311	13.4999501	13.4147237	13.6071043	0.192380589	0.281850754	0	0	0	0	3
150	580	0	1.70950333	13.4334894	13.4960043	13.4147237	13.6060699	0.191346234	0.281850754	0	0	0	0	3
151	583	0	1.72090002	13.4175893	13.492379	13.4147237	13.6060699	0.191346234	0.281850754	0	0	0	0	3
152	586	0	1.73229671	13.4427674	13.4886676	13.4147237	13.5918848	0.177161079	0.281850754	0	0	0	0	3
153	589	0	1.7436934	13.418258	13.4852236	13.4147237	13.5918848	0.177161079	0.281850754	0	0	0	0	3
154	592	0	1.75509009	13.436991	13.4817032	13.4147237	13.5650133	0.150289633	0.281850754	0	0	0	0	3
155	595	0	1.76648678	13.4124565	13.4784557	13.4124565	13.5650133	0.152556846	0.281850754	0	0	0	0	3
156	598	0	1.77788347	13.4469748	13.4757834	13.4124565	13.5650133	0.152556846	0.281850754	0	0	0	0	3
157	601	0	1.78928015	13.4376385	13.4736988	13.4124565	13.5650133	0.152556846	0.281850754	0	0	0	0	3
158	605	0	1.80067684	13.4372913	13.470796	13.4124565	13.5330429	0.120586371	0.281850754	0	0	0	0	3
159	608	0	1.81207353	13.4261143	13.4686407	13.4124565	13.5330429	0.120586371	0.281850754	0	0	0	0	3
160	611	0	1.82347022	13.4474188	13.4668182	13.4124565	13.5330429	0.120586371	0.281850754	0	0	0	0	3
161	614	0	1.83486691	13.4034597	13.4640927	13.4034597	13.5330429	0.129583156	0.281850754	0	0	0	0	3
162	617	0	1.8462636	13.4274674	13.4617699	13.4034597	13.5330429	0.129583156	0.281850754	0	0	0	0	3
163	620	0	1.85766029	13.4145799	13.4595108	13.4034597	13.5330429	0.129583156	0.281850754	0	0	0	0	3
164	623	0	1.86905698	13.4245286	13.4576422	13.4034597	13.5330429	0.129583156	0.281850754	0	0	0	0	3
165	626	0	1.88045367	13.4177938	13.45506	13.4034597	13.5330429	0.129583156	0.281850754	0	0	0	0	3
166	629	0	1.89185035	13.4241771	13.4525858	13.4034597	13.5188351	0.11537539	0.281850754	0	0	0	0	3
167	633	0	1.90324704	13.391611	13.4498095	13.391611	13.5188351	0.127224087	0.281850754	0	0	0	0	3
168	636	0	1.91464373	13.4093959	13.4473708	13.391611	13.5188351	0.127224087	0.281850754	0	0	0	0	3
169	639	0	1.92604042	13.3924188	13.4445993	13.391611	13.5188351	0.127224087	0.281850754	0	0	0	0	3
170	642	0	1.93743711	13.4028602	13.4420072	13.391611	13.5188351	0.127224087	0.281850754	0	0	0	0	3
171	645	0	1.9488338	13.3879108	13.4393421	13.3879108	13.5188351	0.130924266	0.281850754	0	0	0	0	3
172	648	0	1.96023049	13.3994893	13.4366297	13.3879108	13.5172882	0.129377338	0.281850754	0	0	0	0	3
173	651	0	1.97162718	13.377532	13.4334535	13.377532	13.5013453	0.123813264	0.281850754	0	0	0	0	3
174	654	0	1.98302387	13.4000521	13.4311513	13.377532	13.491919	0.114386955	0.281850754	0	0	0	0	3
175	657	0	1.99442055	13.372195	13.4288517	13.372195	13.491919	0.119723963	0.281850754	0	0	0	0	3
176	660	0	2.00581724	13.3925211	13.4265926	13.372195	13.4794622	0.107267128	0.281850754	0	0	0	0	3
177	663	0	2.01721393	13.3814209	13.4245672	13.372195	13.4794622	0.107267128	0.281850754	0	0	0	0	3
178	666	0	2.02861062	13.3945401	13.4226371	13.372195	13.4721137	0.0999187253	0.281850754	0	0	0	0	3
179	669	0	2.04000731	13.3634688	13.420427	13.3634688	13.4721137	0.108644925	0.281850754	0	0	0	0	3
180	672	0	2.051404	13.3909515	13.4186265	13.3634688	13.4721137	0.108644925	0.281850754	0	0	0	0	3
181	676	0	2.06280069	13.3651629	13.4166761	13.3634688	13.4721137	0.108644925	0.281850754	0	0	0	0	3
182	679	0	2.07419738	13.3964995	13.4149576	13.3634688	13.4551282	0.0916593734	0.281850754	0	0	0	0	3
183	682	0	2.08559407	13.3685898	13.4131481	13.3634688	13.4551282	0.0916593734	0.281850754	0	0	0	0	3
184	685	0	2.09699075	13.3725305	13.4112709	13.3634688	13.4474188	0.0839499974	0.281850754	0	0	0	0	3
185	688	0	2.10838744	13.367863	13.4101813	13.3634688	13.4474188	0.0839499974	0.281850754	0	0	0	0	3
186	691	0	2.11978413	13.4061444	13.4094531	13.3634688	13.4474188	0.0839499974	0.281850754	0	0	0	0	3
187	694	0	2.13118082	13.3920177	13.4089371	13.3634688	13.4474188	0.0839499974	0.281850754	0	0	0	0	3
